2006 095 05 09 24
2006 095 15 44 38
2006 096 02 19 51
2006 096 12 55 04
2006 096 23 30 16
2006 097 10 05 29
2006 097 20 40 40
2006 098 07 15 51
2006 098 17 51 02
2006 099 04 26 12
2006 099 15 01 22
2006 100 01 36 31
2006 100 12 11 40
2006 100 22 46 49
2006 101 09 21 57
2006 101 19 57 05
2006 102 06 32 13
2006 102 17 07 20
2006 103 03 42 27
2006 103 14 17 34
2006 104 00 52 40
2006 104 11 27 46
2006 104 22 02 52
2006 105 08 37 57
2006 105 19 13 02
2006 106 05 48 07
2006 106 16 23 12
2006 107 02 58 16
2006 107 13 33 20
2006 108 00 08 24
2006 108 10 43 28
2006 108 21 18 31
2006 109 07 53 34
2006 109 18 28 38
2006 110 05 03 40
2006 110 15 38 43
2006 111 02 13 46
2006 111 12 48 48
2006 111 23 23 50
2006 112 09 58 52
2006 112 20 33 53
2006 113 07 08 55
2006 113 17 43 56
2006 114 04 18 57
2006 114 14 53 58
2006 115 01 28 58
2006 115 12 03 58
2006 115 22 38 58
2006 116 09 13 57
2006 116 19 48 57
2006 117 06 23 57
2006 117 16 58 56
2006 118 03 33 55
2006 118 14 08 55
2006 119 00 43 55
2006 119 11 18 54
2006 119 21 53 54
2006 120 08 28 55
2006 120 19 03 55
2006 121 05 38 56
2006 121 16 13 56
2006 122 02 48 57
2006 122 13 23 58
2006 122 23 58 59
2006 123 10 34 00
2006 123 21 09 01
2006 124 07 44 01
2006 124 18 19 01
2006 125 04 54 02
2006 125 15 29 01
2006 126 02 04 01
2006 126 12 39 00
2006 126 23 14 00
2006 127 09 48 59
2006 127 20 23 58
2006 128 06 58 56
2006 128 17 33 55
2006 129 04 08 54
2006 129 14 43 53
2006 130 01 18 52
2006 130 11 53 50
2006 130 22 28 49
2006 131 09 03 49
2006 131 19 38 48
2006 132 06 13 47
2006 132 16 48 46
2006 133 03 23 46
2006 133 13 58 45
2006 134 00 33 45
2006 134 11 08 45
2006 134 21 43 45
2006 135 08 18 45
2006 135 18 53 45
2006 136 05 28 45
2006 136 16 03 46
2006 137 02 38 47
2006 137 13 13 48
2006 137 23 48 50
2006 138 10 23 51
2006 138 20 58 54
2006 139 07 33 56
2006 139 18 09 00
2006 140 04 44 03
2006 140 15 19 07
2006 141 01 54 12
2006 141 12 29 17
2006 141 23 04 23
2006 142 09 39 28
2006 142 20 14 35
2006 143 06 49 41
2006 143 17 24 48
2006 144 03 59 55
2006 144 14 35 03
2006 145 01 10 10
2006 145 11 45 18
2006 145 22 20 27
2006 146 08 55 35
2006 146 19 30 44
2006 147 06 05 53
2006 147 16 41 03
2006 148 03 16 13
2006 148 13 51 24
2006 149 00 26 35
2006 149 11 01 47
2006 149 21 36 59
2006 150 08 12 13
2006 150 18 47 27
2006 151 05 22 41
2006 151 15 57 56
2006 152 02 33 12
2006 152 13 08 29
2006 152 23 43 46
2006 153 10 19 04
2006 153 20 54 23
2006 154 07 29 42
2006 154 18 05 02
2006 155 04 40 23
2006 155 15 15 44
2006 156 01 51 06
2006 156 12 26 29
2006 156 23 01 53
2006 157 09 37 17
2006 157 20 12 42
2006 158 06 48 09
2006 158 17 23 36
2006 159 03 59 04
2006 159 14 34 33
2006 160 01 10 03
2006 160 11 45 35
2006 160 22 21 07
2006 161 08 56 40
2006 161 19 32 15
2006 162 06 07 50
2006 162 16 43 27
2006 163 03 19 04
2006 163 13 54 43
2006 164 00 30 23
2006 164 11 06 03
2006 164 21 41 45
2006 165 08 17 27
2006 165 18 53 11
2006 166 05 28 56
2006 166 16 04 41
2006 167 02 40 27
2006 167 13 16 15
2006 167 23 52 03
2006 168 10 27 52
2006 168 21 03 41
2006 169 07 39 32
2006 169 18 15 23
2006 170 04 51 15
2006 170 15 27 07
2006 171 02 03 01
2006 171 12 38 55
2006 171 23 14 49
2006 172 09 50 45
2006 172 20 26 41
2006 173 07 02 38
2006 173 17 38 35
2006 174 04 14 34
2006 174 14 50 33
2006 175 01 26 33
2006 175 12 02 33
2006 175 22 38 34
2006 176 09 14 37
2006 176 19 50 39
2006 177 06 26 43
2006 177 17 02 48
2006 178 03 38 54
2006 178 14 15 00
2006 179 00 51 08
2006 179 11 27 16
2006 179 22 03 26
2006 180 08 39 37
2006 180 19 15 49
2006 181 05 52 01
2006 181 16 28 15
2006 182 03 04 29
2006 182 13 40 44
2006 183 00 17 00
2006 183 10 53 16
2006 183 21 29 33
2006 184 08 05 49
2006 184 18 42 06
2006 185 05 18 23
2006 185 15 54 40
2006 186 02 30 57
2006 186 13 07 15
2006 186 23 43 32
2006 187 10 19 50
2006 187 20 56 08
2006 188 07 32 27
2006 188 18 08 45
2006 189 04 45 04
2006 189 15 21 24
2006 190 01 57 44
2006 190 12 34 05
2006 190 23 10 26
2006 191 09 46 47
2006 191 20 23 09
2006 192 06 59 31
2006 192 17 35 54
2006 193 04 12 16
2006 193 14 48 39
2006 194 01 25 02
2006 194 12 01 24
2006 194 22 37 47
2006 195 09 14 10
2006 195 19 50 32
2006 196 06 26 54
2006 196 17 03 17
2006 197 03 39 39
2006 197 14 16 01
2006 198 00 52 23
2006 198 11 28 45
2006 198 22 05 06
2006 199 08 41 28
2006 199 19 17 49
2006 200 05 54 11
2006 200 16 30 32
2006 201 03 06 53
2006 201 13 43 14
2006 202 00 19 35
2006 202 10 55 55
2006 202 21 32 16
2006 203 08 08 36
2006 203 18 44 57
2006 204 05 21 17
2006 204 15 57 37
2006 205 02 33 56
2006 205 13 10 16
2006 205 23 46 35
2006 206 10 22 55
2006 206 20 59 14
2006 207 07 35 33
2006 207 18 11 51
2006 208 04 48 10
2006 208 15 24 29
2006 209 02 00 47
2006 209 12 37 05
2006 209 23 13 23
2006 210 09 49 41
2006 210 20 25 59
2006 211 07 02 17
2006 211 17 38 35
2006 212 04 14 52
2006 212 14 51 09
2006 213 01 27 25
2006 213 12 03 42
2006 213 22 39 58
2006 214 09 16 13
2006 214 19 52 28
2006 215 06 28 43
2006 215 17 04 57
2006 216 03 41 10
2006 216 14 17 23
2006 217 00 53 36
2006 217 11 29 49
2006 217 22 06 01
2006 218 08 42 14
2006 218 19 18 26
2006 219 05 54 38
2006 219 16 30 50
2006 220 03 07 03
2006 220 13 43 15
2006 221 00 19 28
2006 221 10 55 40
2006 221 21 31 53
2006 222 08 08 06
2006 222 18 44 18
2006 223 05 20 31
2006 223 15 56 43
2006 224 02 32 56
2006 224 13 09 08
2006 224 23 45 20
2006 225 10 21 32
2006 225 20 57 44
2006 226 07 33 56
2006 226 18 10 07
2006 227 04 46 18
2006 227 15 22 28
2006 228 01 58 38
2006 228 12 34 48
2006 228 23 10 57
2006 229 09 47 05
2006 229 20 23 13
2006 230 06 59 20
2006 230 17 35 26
2006 231 04 11 32
2006 231 14 47 37
2006 232 01 23 41
2006 232 11 59 45
2006 232 22 35 48
2006 233 09 11 50
2006 233 19 47 52
2006 234 06 23 53
2006 234 16 59 54
2006 235 03 35 54
2006 235 14 11 54
2006 236 00 47 53
2006 236 11 23 51
2006 236 21 59 50
2006 237 08 35 48
2006 237 19 11 46
2006 238 05 47 44
2006 238 16 23 42
2006 239 02 59 40
2006 239 13 35 38
2006 240 00 11 36
2006 240 10 47 34
2006 240 21 23 32
2006 241 07 59 31
2006 241 18 35 29
2006 242 05 11 27
2006 242 15 47 25
2006 243 02 23 22
2006 243 12 59 19
2006 243 23 35 15
2006 244 10 11 10
2006 244 20 47 04
2006 245 07 22 57
2006 245 17 58 50
2006 246 04 34 41
2006 246 15 10 32
2006 247 01 46 22
2006 247 12 22 11
2006 247 22 58 00
2006 248 09 33 48
2006 248 20 09 36
2006 249 06 45 24
2006 249 17 21 11
2006 250 03 56 59
2006 250 14 32 46
2006 251 01 08 34
2006 251 11 44 21
2006 251 22 20 09
2006 252 08 55 56
2006 252 19 31 42
2006 253 06 07 29
2006 253 16 43 15
2006 254 03 19 00
2006 254 13 54 46
2006 255 00 30 30
2006 255 11 06 14
2006 255 21 41 58
2006 256 08 17 41
2006 256 18 53 24
2006 257 05 29 06
2006 257 16 04 48
2006 258 02 40 29
2006 258 13 16 11
2006 258 23 51 51
2006 259 10 27 32
2006 259 21 03 12
2006 260 07 38 52
2006 260 18 14 32
2006 261 04 50 12
2006 261 15 25 51
2006 262 02 01 30
2006 262 12 37 08
2006 262 23 12 46
2006 263 09 48 24
2006 263 20 24 01
2006 264 06 59 37
2006 264 17 35 13
2006 265 04 10 48
2006 265 14 46 22
2006 266 01 21 56
2006 266 11 57 29
2006 266 22 33 02
2006 267 09 08 34
2006 267 19 44 06
2006 268 06 19 37
2006 268 16 55 08
2006 269 03 30 39
2006 269 14 06 10
2006 270 00 41 41
2006 270 11 17 12
2006 270 21 52 43
2006 271 08 28 14
2006 271 19 03 44
2006 272 05 39 15
2006 272 16 14 45
2006 273 02 50 16
2006 273 13 25 46
2006 274 00 01 15
2006 274 10 36 45
2006 274 21 12 14
2006 275 07 47 43
2006 275 18 23 11
2006 276 04 58 40
2006 276 15 34 07
2006 277 02 09 35
2006 277 12 45 01
2006 277 23 20 28
2006 278 09 55 54
2006 278 20 31 19
2006 279 07 06 44
2006 279 17 42 08
2006 280 04 17 32
2006 280 14 52 55
2006 281 01 28 17
2006 281 12 03 39
2006 281 22 39 01
2006 282 09 14 22
2006 282 19 49 43
2006 283 06 25 04
2006 283 17 00 24
2006 284 03 35 44
2006 284 14 11 04
2006 285 00 46 24
2006 285 11 21 44
2006 285 21 57 04
2006 286 08 32 23
2006 286 19 07 43
2006 287 05 43 02
2006 287 16 18 21
2006 288 02 53 40
2006 288 13 28 59
2006 289 00 04 18
2006 289 10 39 37
2006 289 21 14 55
2006 290 07 50 13
2006 290 18 25 31
2006 291 05 00 49
2006 291 15 36 07
2006 292 02 11 24
2006 292 12 46 40
2006 292 23 21 57
2006 293 09 57 12
2006 293 20 32 28
2006 294 07 07 42
2006 294 17 42 56
2006 295 04 18 09
2006 295 14 53 22
2006 296 01 28 33
2006 296 12 03 45
2006 296 22 38 56
2006 297 09 14 06
2006 297 19 49 16
2006 298 06 24 27
2006 298 16 59 37
2006 299 03 34 47
2006 299 14 09 57
2006 300 00 45 07
2006 300 11 20 18
2006 300 21 55 29
2006 301 08 30 40
2006 301 19 05 51
2006 302 05 41 02
2006 302 16 16 12
2006 303 02 51 23
2006 303 13 26 33
2006 304 00 01 42
2006 304 10 36 51
2006 304 21 12 00
2006 305 07 47 07
2006 305 18 22 14
2006 306 04 57 21
2006 306 15 32 27
2006 307 02 07 32
2006 307 12 42 37
2006 307 23 17 42
2006 308 09 52 47
2006 308 20 27 52
2006 309 07 02 57
2006 309 17 38 02
2006 310 04 13 08
2006 310 14 48 14
2006 311 01 23 20
2006 311 11 58 26
2006 311 22 33 32
2006 312 09 08 38
2006 312 19 43 44
2006 313 06 18 49
2006 313 16 53 55
2006 314 03 29 00
2006 314 14 04 04
2006 315 00 39 07
2006 315 11 14 10
2006 315 21 49 13
2006 316 08 24 14
2006 316 18 59 15
2006 317 05 34 16
2006 317 16 09 16
2006 318 02 44 16
2006 318 13 19 16
2006 318 23 54 15
2006 319 10 29 15
2006 319 21 04 15
2006 320 07 39 14
2006 320 18 14 14
2006 321 04 49 14
2006 321 15 24 14
2006 322 01 59 14
2006 322 12 34 14
2006 322 23 09 14
2006 323 09 44 14
2006 323 20 19 14
2006 324 06 54 14
2006 324 17 29 14
2006 325 04 04 14
2006 325 14 39 13
2006 326 01 14 13
2006 326 11 49 13
2006 326 22 24 12
2006 327 08 59 12
2006 327 19 34 11
2006 328 06 09 10
2006 328 16 44 09
2006 329 03 19 08
2006 329 13 54 07
2006 330 00 29 05
2006 330 11 04 03
2006 330 21 39 01
2006 331 08 13 59
2006 331 18 48 57
2006 332 05 23 54
2006 332 15 58 51
2006 333 02 33 48
2006 333 13 08 45
2006 333 23 43 41
2006 334 10 18 38
2006 334 20 53 34
2006 335 07 28 30
2006 335 18 03 25
2006 336 04 38 21
2006 336 15 13 17
2006 337 01 48 12
2006 337 12 23 07
2006 337 22 58 02
2006 338 09 32 56
2006 338 20 07 50
2006 339 06 42 45
2006 339 17 17 38
2006 340 03 52 32
2006 340 14 27 25
2006 341 01 02 18
2006 341 11 37 11
2006 341 22 12 04
2006 342 08 46 56
2006 342 19 21 48
2006 343 05 56 40
2006 343 16 31 32
2006 344 03 06 24
2006 344 13 41 15
2006 345 00 16 07
2006 345 10 50 58
2006 345 21 25 49
2006 346 08 00 40
2006 346 18 35 31
2006 347 05 10 21
2006 347 15 45 12
2006 348 02 20 03
2006 348 12 54 53
2006 348 23 29 43
2006 349 10 04 33
2006 349 20 39 23
2006 350 07 14 13
2006 350 17 49 02
2006 351 04 23 52
2006 351 14 58 41
2006 352 01 33 30
2006 352 12 08 19
2006 352 22 43 08
2006 353 09 17 57
2006 353 19 52 45
2006 354 06 27 33
2006 354 17 02 21
2006 355 03 37 09
2006 355 14 11 57
2006 356 00 46 45
2006 356 11 21 32
2006 356 21 56 19
2006 357 08 31 06
2006 357 19 05 53
2006 358 05 40 39
2006 358 16 15 25
2006 359 02 50 12
2006 359 13 24 57
2006 359 23 59 43
2006 360 10 34 29
2006 360 21 09 14
2006 361 07 43 59
2006 361 18 18 44
2006 362 04 53 28
2006 362 15 28 13
2006 363 02 02 56
2006 363 12 37 40
2006 363 23 12 23
2006 364 09 47 06
2006 364 20 21 48
2006 365 06 56 30
2006 365 17 31 12
2007 001 04 05 53
2007 001 14 40 34
2007 002 01 15 15
2007 002 11 49 56
2007 002 22 24 36
2007 003 08 59 17
2007 003 19 33 57
2007 004 06 08 38
2007 004 16 43 19
2007 005 03 18 00
2007 005 13 52 41
2007 006 00 27 22
2007 006 11 02 04
2007 006 21 36 45
2007 007 08 11 27
2007 007 18 46 08
2007 008 05 20 50
2007 008 15 55 31
2007 009 02 30 11
2007 009 13 04 52
2007 009 23 39 32
2007 010 10 14 11
2007 010 20 48 50
2007 011 07 23 29
2007 011 17 58 07
2007 012 04 32 45
2007 012 15 07 23
2007 013 01 42 00
2007 013 12 16 37
2007 013 22 51 14
2007 014 09 25 51
2007 014 20 00 27
2007 015 06 35 03
2007 015 17 09 40
2007 016 03 44 16
2007 016 14 18 52
2007 017 00 53 28
2007 017 11 28 04
2007 017 22 02 39
2007 018 08 37 15
2007 018 19 11 51
2007 019 05 46 27
2007 019 16 21 04
2007 020 02 55 40
2007 020 13 30 16
2007 021 00 04 53
2007 021 10 39 30
2007 021 21 14 06
2007 022 07 48 43
2007 022 18 23 20
2007 023 04 57 57
2007 023 15 32 33
2007 024 02 07 10
2007 024 12 41 47
2007 024 23 16 23
2007 025 09 51 00
2007 025 20 25 36
2007 026 07 00 13
2007 026 17 34 49
2007 027 04 09 25
2007 027 14 44 01
2007 028 01 18 37
2007 028 11 53 13
2007 028 22 27 48
2007 029 09 02 24
2007 029 19 36 59
2007 030 06 11 35
2007 030 16 46 10
2007 031 03 20 45
2007 031 13 55 20
2007 032 00 29 55
2007 032 11 04 29
2007 032 21 39 04
2007 033 08 13 38
2007 033 18 48 12
2007 034 05 22 45
2007 034 15 57 19
2007 035 02 31 52
2007 035 13 06 25
2007 035 23 40 57
2007 036 10 15 30
2007 036 20 50 02
2007 037 07 24 35
2007 037 17 59 07
2007 038 04 33 40
2007 038 15 08 13
2007 039 01 42 46
2007 039 12 17 20
2007 039 22 51 54
2007 040 09 26 28
2007 040 20 01 03
2007 041 06 35 38
2007 041 17 10 14
2007 042 03 44 50
2007 042 14 19 26
2007 043 00 54 02
2007 043 11 28 39
2007 043 22 03 15
2007 044 08 37 52
2007 044 19 12 29
2007 045 05 47 06
2007 045 16 21 43
2007 046 02 56 19
2007 046 13 30 56
2007 047 00 05 33
2007 047 10 40 11
2007 047 21 14 48
2007 048 07 49 26
2007 048 18 24 04
2007 049 04 58 42
2007 049 15 33 21
2007 050 02 08 00
2007 050 12 42 39
2007 050 23 17 19
2007 051 09 52 00
2007 051 20 26 40
2007 052 07 01 21
2007 052 17 36 02
2007 053 04 10 43
2007 053 14 45 23
2007 054 01 20 04
2007 054 11 54 45
2007 054 22 29 25
2007 055 09 04 05
2007 055 19 38 45
2007 056 06 13 24
2007 056 16 48 04
2007 057 03 22 43
2007 057 13 57 23
2007 058 00 32 03
2007 058 11 06 44
2007 058 21 41 25
2007 059 08 16 06
2007 059 18 50 48
2007 060 05 25 31
2007 060 16 00 14
2007 061 02 34 59
2007 061 13 09 44
2007 061 23 44 29
2007 062 10 19 15
2007 062 20 54 01
2007 063 07 28 47
2007 063 18 03 34
2007 064 04 38 21
2007 064 15 13 07
2007 065 01 47 54
2007 065 12 22 40
2007 065 22 57 27
2007 066 09 32 13
2007 066 20 07 00
2007 067 06 41 46
2007 067 17 16 33
2007 068 03 51 20
2007 068 14 26 07
2007 069 01 00 54
2007 069 11 35 42
2007 069 22 10 30
2007 070 08 45 18
2007 070 19 20 07
2007 071 05 54 56
2007 071 16 29 46
2007 072 03 04 36
2007 072 13 39 26
2007 073 00 14 17
2007 073 10 49 08
2007 073 21 23 59
2007 074 07 58 51
2007 074 18 33 43
2007 075 05 08 35
2007 075 15 43 27
2007 076 02 18 20
2007 076 12 53 12
2007 076 23 28 05
2007 077 10 02 59
2007 077 20 37 52
2007 078 07 12 46
2007 078 17 47 40
2007 079 04 22 35
2007 079 14 57 29
2007 080 01 32 24
2007 080 12 07 19
2007 080 22 42 15
2007 081 09 17 10
2007 081 19 52 06
2007 082 06 27 02
2007 082 17 01 59
2007 083 03 36 56
2007 083 14 11 53
2007 084 00 46 50
2007 084 11 21 47
2007 084 21 56 45
2007 085 08 31 43
2007 085 19 06 41
2007 086 05 41 40
2007 086 16 16 39
2007 087 02 51 38
2007 087 13 26 37
2007 088 00 01 37
2007 088 10 36 37
2007 088 21 11 37
2007 089 07 46 38
2007 089 18 21 39
2007 090 04 56 40
2007 090 15 31 42
2007 091 02 06 44
2007 091 12 41 46
2007 091 23 16 49
2007 092 09 51 52
2007 092 20 26 55
2007 093 07 01 58
2007 093 17 37 02
2007 094 04 12 06
2007 094 14 47 11
2007 095 01 22 15
2007 095 11 57 20
2007 095 22 32 25
2007 096 09 07 31
2007 096 19 42 36
2007 097 06 17 42
2007 097 16 52 48
2007 098 03 27 55
2007 098 14 03 02
2007 099 00 38 09
2007 099 11 13 16
2007 099 21 48 24
2007 100 08 23 32
2007 100 18 58 41
2007 101 05 33 50
2007 101 16 08 59
2007 102 02 44 09
2007 102 13 19 18
2007 102 23 54 29
2007 103 10 29 39
2007 103 21 04 49
2007 104 07 40 00
2007 104 18 15 11
2007 105 04 50 22
2007 105 15 25 34
2007 106 02 00 45
2007 106 12 35 57
2007 106 23 11 08
2007 107 09 46 20
2007 107 20 21 32
2007 108 06 56 43
2007 108 17 31 55
2007 109 04 07 07
2007 109 14 42 19
2007 110 01 17 30
2007 110 11 52 42
2007 110 22 27 54
2007 111 09 03 05
2007 111 19 38 16
2007 112 06 13 28
2007 112 16 48 39
2007 113 03 23 50
2007 113 13 59 01
2007 114 00 34 12
2007 114 11 09 23
2007 114 21 44 34
2007 115 08 19 45
2007 115 18 54 55
2007 116 05 30 06
2007 116 16 05 17
2007 117 02 40 28
2007 117 13 15 39
2007 117 23 50 51
2007 118 10 26 02
2007 118 21 01 14
2007 119 07 36 26
2007 119 18 11 39
2007 120 04 46 52
2007 120 15 22 05
2007 121 01 57 19
2007 121 12 32 33
2007 121 23 07 47
2007 122 09 43 01
2007 122 20 18 15
2007 123 06 53 29
2007 123 17 28 42
2007 124 04 03 55
2007 124 14 39 07
2007 125 01 14 19
2007 125 11 49 31
2007 125 22 24 41
2007 126 08 59 52
2007 126 19 35 02
2007 127 06 10 11
2007 127 16 45 21
2007 128 03 20 31
2007 128 13 55 41
2007 129 00 30 51
2007 129 11 06 02
2007 129 21 41 14
2007 130 08 16 26
2007 130 18 51 39
2007 131 05 26 52
2007 131 16 02 06
2007 132 02 37 20
2007 132 13 12 34
2007 132 23 47 48
2007 133 10 23 02
2007 133 20 58 16
2007 134 07 33 29
2007 134 18 08 42
2007 135 04 43 54
2007 135 15 19 06
2007 136 01 54 17
2007 136 12 29 28
2007 136 23 04 38
2007 137 09 39 48
2007 137 20 14 57
2007 138 06 50 07
2007 138 17 25 16
2007 139 04 00 25
2007 139 14 35 35
2007 140 01 10 44
2007 140 11 45 54
2007 140 22 21 03
2007 141 08 56 13
2007 141 19 31 24
2007 142 06 06 34
2007 142 16 41 44
2007 143 03 16 54
2007 143 13 52 04
2007 144 00 27 14
2007 144 11 02 25
2007 144 21 37 35
2007 145 08 12 45
2007 145 18 47 54
2007 146 05 23 04
2007 146 15 58 14
2007 147 02 33 23
2007 147 13 08 32
2007 147 23 43 41
2007 148 10 18 50
2007 148 20 53 58
2007 149 07 29 06
2007 149 18 04 14
2007 150 04 39 22
2007 150 15 14 29
2007 151 01 49 36
2007 151 12 24 43
2007 151 22 59 50
2007 152 09 34 57
2007 152 20 10 03
2007 153 06 45 10
2007 153 17 20 16
2007 154 03 55 23
2007 154 14 30 29
2007 155 01 05 36
2007 155 11 40 43
2007 155 22 15 50
2007 156 08 50 57
2007 156 19 26 04
2007 157 06 01 12
2007 157 16 36 19
2007 158 03 11 26
2007 158 13 46 34
2007 159 00 21 41
2007 159 10 56 49
2007 159 21 31 56
2007 160 08 07 03
2007 160 18 42 10
2007 161 05 17 18
2007 161 15 52 24
2007 162 02 27 31
2007 162 13 02 38
2007 162 23 37 44
2007 163 10 12 50
2007 163 20 47 56
2007 164 07 23 01
2007 164 17 58 06
2007 165 04 33 11
2007 165 15 08 15
2007 166 01 43 19
2007 166 12 18 23
2007 166 22 53 26
2007 167 09 28 29
2007 167 20 03 32
2007 168 06 38 35
2007 168 17 13 38
2007 169 03 48 41
2007 169 14 23 43
2007 170 00 58 46
2007 170 11 33 49
2007 170 22 08 52
2007 171 08 43 55
2007 171 19 18 58
2007 172 05 54 00
2007 172 16 29 03
2007 173 03 04 06
2007 173 13 39 09
2007 174 00 14 12
2007 174 10 49 14
2007 174 21 24 17
2007 175 07 59 19
2007 175 18 34 21
2007 176 05 09 23
2007 176 15 44 25
2007 177 02 19 26
2007 177 12 54 27
2007 177 23 29 28
2007 178 10 04 28
2007 178 20 39 28
2007 179 07 14 27
2007 179 17 49 26
2007 180 04 24 24
2007 180 14 59 22
2007 181 01 34 19
2007 181 12 09 16
2007 181 22 44 12
2007 182 09 19 08
2007 182 19 54 03
2007 183 06 28 58
2007 183 17 03 53
2007 184 03 38 48
2007 184 14 13 42
2007 185 00 48 36
2007 185 11 23 30
2007 185 21 58 24
2007 186 08 33 18
2007 186 19 08 12
2007 187 05 43 05
2007 187 16 17 59
2007 188 02 52 52
2007 188 13 27 45
2007 189 00 02 39
2007 189 10 37 32
2007 189 21 12 25
2007 190 07 47 18
2007 190 18 22 11
2007 191 04 57 03
2007 191 15 31 56
2007 192 02 06 48
2007 192 12 41 40
2007 192 23 16 31
2007 193 09 51 21
2007 193 20 26 11
2007 194 07 01 00
2007 194 17 35 49
2007 195 04 10 36
2007 195 14 45 22
2007 196 01 20 08
2007 196 11 54 53
2007 196 22 29 37
2007 197 09 04 20
2007 197 19 39 03
2007 198 06 13 45
2007 198 16 48 26
2007 199 03 23 07
2007 199 13 57 48
2007 200 00 32 29
2007 200 11 07 09
2007 200 21 41 49
2007 201 08 16 28
2007 201 18 51 08
2007 202 05 25 46
2007 202 16 00 25
2007 203 02 35 03
2007 203 13 09 40
2007 203 23 44 17
2007 204 10 18 54
2007 204 20 53 30
2007 205 07 28 05
2007 205 18 02 40
2007 206 04 37 14
2007 206 15 11 48
2007 207 01 46 21
2007 207 12 20 54
2007 207 22 55 26
2007 208 09 29 58
2007 208 20 04 30
2007 209 06 39 01
2007 209 17 13 33
2007 210 03 48 04
2007 210 14 22 35
2007 211 00 57 06
2007 211 11 31 37
2007 211 22 06 07
2007 212 08 40 38
2007 212 19 15 08
2007 213 05 49 38
2007 213 16 24 08
2007 214 02 58 38
2007 214 13 33 07
2007 215 00 07 37
2007 215 10 42 06
2007 215 21 16 35
2007 216 07 51 03
2007 216 18 25 32
2007 217 05 00 00
2007 217 15 34 29
2007 218 02 08 57
2007 218 12 43 25
2007 218 23 17 53
2007 219 09 52 22
2007 219 20 26 50
2007 220 07 01 18
2007 220 17 35 46
2007 221 04 10 14
2007 221 14 44 42
2007 222 01 19 10
2007 222 11 53 38
2007 222 22 28 05
2007 223 09 02 32
2007 223 19 36 59
2007 224 06 11 26
2007 224 16 45 52
2007 225 03 20 18
2007 225 13 54 44
2007 226 00 29 09
2007 226 11 03 33
2007 226 21 37 57
2007 227 08 12 21
2007 227 18 46 44
2007 228 05 21 06
2007 228 15 55 28
2007 229 02 29 49
2007 229 13 04 09
2007 229 23 38 29
2007 230 10 12 49
2007 230 20 47 07
2007 231 07 21 26
2007 231 17 55 44
2007 232 04 30 01
2007 232 15 04 19
2007 233 01 38 37
2007 233 12 12 55
2007 233 22 47 13
2007 234 09 21 32
2007 234 19 55 51
2007 235 06 30 10
2007 235 17 04 31
2007 236 03 38 52
2007 236 14 13 13
2007 237 00 47 35
2007 237 11 21 57
2007 237 21 56 19
2007 238 08 30 42
2007 238 19 05 05
2007 239 05 39 27
2007 239 16 13 50
2007 240 02 48 12
2007 240 13 22 34
2007 240 23 56 56
2007 241 10 31 18
2007 241 21 05 39
2007 242 07 40 00
2007 242 18 14 20
2007 243 04 48 40
2007 243 15 22 58
2007 244 01 57 16
2007 244 12 31 34
2007 244 23 05 50
2007 245 09 40 05
2007 245 20 14 20
2007 246 06 48 34
2007 246 17 22 47
2007 247 03 57 00
2007 247 14 31 13
2007 248 01 05 26
2007 248 11 39 39
2007 248 22 13 52
2007 249 08 48 06
2007 249 19 22 20
2007 250 05 56 35
2007 250 16 30 51
2007 251 03 05 08
2007 251 13 39 26
2007 252 00 13 44
2007 252 10 48 02
2007 252 21 22 21
2007 253 07 56 40
2007 253 18 31 00
2007 254 05 05 19
2007 254 15 39 39
2007 255 02 13 59
2007 255 12 48 18
2007 255 23 22 37
2007 256 09 56 56
2007 256 20 31 15
2007 257 07 05 34
2007 257 17 39 52
2007 258 04 14 10
2007 258 14 48 27
2007 259 01 22 44
2007 259 11 57 01
2007 259 22 31 16
2007 260 09 05 32
2007 260 19 39 46
2007 261 06 14 01
2007 261 16 48 14
2007 262 03 22 28
2007 262 13 56 42
2007 263 00 30 56
2007 263 11 05 09
2007 263 21 39 23
2007 264 08 13 38
2007 264 18 47 52
2007 265 05 22 08
2007 265 15 56 24
2007 266 02 30 40
2007 266 13 04 57
2007 266 23 39 14
2007 267 10 13 31
2007 267 20 47 49
2007 268 07 22 07
2007 268 17 56 24
2007 269 04 30 42
2007 269 15 04 59
2007 270 01 39 17
2007 270 12 13 33
2007 270 22 47 50
2007 271 09 22 06
2007 271 19 56 22
2007 272 06 30 38
2007 272 17 04 53
2007 273 03 39 08
2007 273 14 13 22
2007 274 00 47 36
2007 274 11 21 49
2007 274 21 56 02
2007 275 08 30 14
2007 275 19 04 25
2007 276 05 38 36
2007 276 16 12 47
2007 277 02 46 57
2007 277 13 21 07
2007 277 23 55 16
2007 278 10 29 25
2007 278 21 03 33
2007 279 07 37 41
2007 279 18 11 49
2007 280 04 45 57
2007 280 15 20 04
2007 281 01 54 11
2007 281 12 28 17
2007 281 23 02 23
2007 282 09 36 30
2007 282 20 10 36
2007 283 06 44 41
2007 283 17 18 47
2007 284 03 52 52
2007 284 14 26 57
2007 285 01 01 02
2007 285 11 35 08
2007 285 22 09 12
2007 286 08 43 17
2007 286 19 17 22
2007 287 05 51 27
2007 287 16 25 31
2007 288 02 59 36
2007 288 13 33 40
2007 289 00 07 45
2007 289 10 41 49
2007 289 21 15 54
2007 290 07 49 58
2007 290 18 24 02
2007 291 04 58 07
2007 291 15 32 11
2007 292 02 06 16
2007 292 12 40 20
2007 292 23 14 24
2007 293 09 48 28
2007 293 20 22 33
2007 294 06 56 37
2007 294 17 30 41
2007 295 04 04 45
2007 295 14 38 49
2007 296 01 12 52
2007 296 11 46 56
2007 296 22 21 00
2007 297 08 55 03
2007 297 19 29 06
2007 298 06 03 09
2007 298 16 37 12
2007 299 03 11 15
2007 299 13 45 17
2007 300 00 19 19
2007 300 10 53 21
2007 300 21 27 23
2007 301 08 01 24
2007 301 18 35 25
2007 302 05 09 26
2007 302 15 43 27
2007 303 02 17 27
2007 303 12 51 27
2007 303 23 25 27
2007 304 09 59 27
2007 304 20 33 27
2007 305 07 07 26
2007 305 17 41 25
2007 306 04 15 24
2007 306 14 49 23
2007 307 01 23 23
2007 307 11 57 22
2007 307 22 31 22
2007 308 09 05 21
2007 308 19 39 22
2007 309 06 13 22
2007 309 16 47 23
2007 310 03 21 25
2007 310 13 55 27
2007 311 00 29 30
2007 311 11 03 34
2007 311 21 37 37
2007 312 08 11 41
2007 312 18 45 44
2007 313 05 19 48
2007 313 15 53 52
2007 314 02 27 55
2007 314 13 01 58
2007 314 23 36 00
2007 315 10 10 02
2007 315 20 44 04
2007 316 07 18 05
2007 316 17 52 06
2007 317 04 26 06
2007 317 15 00 07
2007 318 01 34 08
2007 318 12 08 09
2007 318 22 42 10
2007 319 09 16 11
2007 319 19 50 13
2007 320 06 24 16
2007 320 16 58 19
2007 321 03 32 22
2007 321 14 06 26
2007 322 00 40 31
2007 322 11 14 35
2007 322 21 48 40
2007 323 08 22 44
2007 323 18 56 49
2007 324 05 30 54
2007 324 16 04 58
2007 325 02 39 02
2007 325 13 13 05
2007 325 23 47 09
2007 326 10 21 12
2007 326 20 55 15
2007 327 07 29 18
2007 327 18 03 22
2007 328 04 37 25
2007 328 15 11 29
2007 329 01 45 34
2007 329 12 19 39
2007 329 22 53 45
2007 330 09 27 51
2007 330 20 01 58
2007 331 06 36 06
2007 331 17 10 14
2007 332 03 44 23
2007 332 14 18 33
2007 333 00 52 43
2007 333 11 26 53
2007 333 22 01 04
2007 334 08 35 15
2007 334 19 09 27
2007 335 05 43 39
2007 335 16 17 51
2007 336 02 52 03
2007 336 13 26 15
2007 337 00 00 28
2007 337 10 34 41
2007 337 21 08 55
2007 338 07 43 09
2007 338 18 17 24
2007 339 04 51 39
2007 339 15 25 54
2007 340 02 00 11
2007 340 12 34 27
2007 340 23 08 45
2007 341 09 43 03
2007 341 20 17 21
2007 342 06 51 41
2007 342 17 26 01
2007 343 04 00 21
2007 343 14 34 43
2007 344 01 09 05
2007 344 11 43 27
2007 344 22 17 51
2007 345 08 52 15
2007 345 19 26 40
2007 346 06 01 06
2007 346 16 35 32
2007 347 03 09 59
2007 347 13 44 27
2007 348 00 18 55
2007 348 10 53 24
2007 348 21 27 54
2007 349 08 02 24
2007 349 18 36 54
2007 350 05 11 26
2007 350 15 45 57
2007 351 02 20 30
2007 351 12 55 03
2007 351 23 29 36
2007 352 10 04 10
2007 352 20 38 45
2007 353 07 13 20
2007 353 17 47 56
2007 354 04 22 32
2007 354 14 57 09
2007 355 01 31 47
2007 355 12 06 25
2007 355 22 41 04
2007 356 09 15 43
2007 356 19 50 24
2007 357 06 25 05
2007 357 16 59 46
2007 358 03 34 29
2007 358 14 09 13
2007 359 00 43 57
2007 359 11 18 43
2007 359 21 53 29
2007 360 08 28 17
2007 360 19 03 06
2007 361 05 37 55
2007 361 16 12 46
2007 362 02 47 38
2007 362 13 22 30
2007 362 23 57 23
2007 363 10 32 17
2007 363 21 07 12
2007 364 07 42 07
2007 364 18 17 02
2007 365 04 51 59
2007 365 15 26 55
2008 001 02 01 53
2008 001 12 36 50
2008 001 23 11 49
2008 002 09 46 49
2008 002 20 21 49
2008 003 06 56 50
2008 003 17 31 53
2008 004 04 06 56
2008 004 14 42 01
2008 005 01 17 07
2008 005 11 52 14
2008 005 22 27 22
2008 006 09 02 32
2008 006 19 37 42
2008 007 06 12 54
2008 007 16 48 06
2008 008 03 23 20
2008 008 13 58 33
2008 009 00 33 48
2008 009 11 09 03
2008 009 21 44 18
2008 010 08 19 34
2008 010 18 54 50
2008 011 05 30 07
2008 011 16 05 24
2008 012 02 40 41
2008 012 13 16 00
2008 012 23 51 18
2008 013 10 26 38
2008 013 21 01 59
2008 014 07 37 20
2008 014 18 12 43
2008 015 04 48 06
2008 015 15 23 31
2008 016 01 58 56
2008 016 12 34 23
2008 016 23 09 50
2008 017 09 45 18
2008 017 20 20 46
2008 018 06 56 16
2008 018 17 31 45
2008 019 04 07 15
2008 019 14 42 46
2008 020 01 18 17
2008 020 11 53 48
2008 020 22 29 19
2008 021 09 04 50
2008 021 19 40 22
2008 022 06 15 55
2008 022 16 51 27
2008 023 03 27 01
2008 023 14 02 35
2008 024 00 38 09
2008 024 11 13 44
2008 024 21 49 20
2008 025 08 24 57
2008 025 19 00 35
2008 026 05 36 13
2008 026 16 11 53
2008 027 02 47 32
2008 027 13 23 13
2008 027 23 58 54
2008 028 10 34 35
2008 028 21 10 18
2008 029 07 46 00
2008 029 18 21 43
2008 030 04 57 27
2008 030 15 33 10
2008 031 02 08 54
2008 031 12 44 39
2008 031 23 20 24
2008 032 09 56 09
2008 032 20 31 54
2008 033 07 07 40
2008 033 17 43 26
2008 034 04 19 12
2008 034 14 54 58
2008 035 01 30 45
2008 035 12 06 32
2008 035 22 42 19
2008 036 09 18 07
2008 036 19 53 54
2008 037 06 29 42
2008 037 17 05 30
2008 038 03 41 18
2008 038 14 17 06
2008 039 00 52 54
2008 039 11 28 42
2008 039 22 04 30
2008 040 08 40 19
2008 040 19 16 07
2008 041 05 51 56
2008 041 16 27 44
2008 042 03 03 33
2008 042 13 39 23
2008 043 00 15 12
2008 043 10 51 02
2008 043 21 26 52
2008 044 08 02 43
2008 044 18 38 35
2008 045 05 14 26
2008 045 15 50 19
2008 046 02 26 12
2008 046 13 02 05
2008 046 23 37 58
2008 047 10 13 52
2008 047 20 49 46
2008 048 07 25 39
2008 048 18 01 33
2008 049 04 37 26
2008 049 15 13 20
2008 050 01 49 13
2008 050 12 25 05
2008 050 23 00 57
2008 051 09 36 49
2008 051 20 12 41
2008 052 06 48 33
2008 052 17 24 24
2008 053 04 00 15
2008 053 14 36 06
2008 054 01 11 57
2008 054 11 47 48
2008 054 22 23 39
2008 055 08 59 31
2008 055 19 35 22
2008 056 06 11 14
2008 056 16 47 05
2008 057 03 22 57
2008 057 13 58 48
2008 058 00 34 40
2008 058 11 10 32
2008 058 21 46 24
2008 059 08 22 16
2008 059 18 58 08
2008 060 05 34 00
2008 060 16 09 52
2008 061 02 45 44
2008 061 13 21 36
2008 061 23 57 28
2008 062 10 33 19
2008 062 21 09 11
2008 063 07 45 03
2008 063 18 20 54
2008 064 04 56 46
2008 064 15 32 37
2008 065 02 08 28
2008 065 12 44 19
2008 065 23 20 10
2008 066 09 56 00
2008 066 20 31 50
2008 067 07 07 40
2008 067 17 43 30
2008 068 04 19 20
2008 068 14 55 09
2008 069 01 30 58
2008 069 12 06 47
2008 069 22 42 35
2008 070 09 18 23
2008 070 19 54 11
2008 071 06 29 59
2008 071 17 05 46
2008 072 03 41 34
2008 072 14 17 21
2008 073 00 53 08
2008 073 11 28 55
2008 073 22 04 42
2008 074 08 40 28
2008 074 19 16 15
2008 075 05 52 02
2008 075 16 27 49
2008 076 03 03 35
2008 076 13 39 22
2008 077 00 15 08
2008 077 10 50 54
2008 077 21 26 40
2008 078 08 02 26
2008 078 18 38 12
2008 079 05 13 57
2008 079 15 49 42
2008 080 02 25 26
2008 080 13 01 10
2008 080 23 36 53
2008 081 10 12 36
2008 081 20 48 19
2008 082 07 24 01
2008 082 17 59 43
2008 083 04 35 25
2008 083 15 11 07
2008 084 01 46 48
2008 084 12 22 29
2008 084 22 58 10
2008 085 09 33 51
2008 085 20 09 31
2008 086 06 45 12
2008 086 17 20 52
2008 087 03 56 32
2008 087 14 32 12
2008 088 01 07 52
2008 088 11 43 32
2008 088 22 19 11
2008 089 08 54 51
2008 089 19 30 31
2008 090 06 06 10
2008 090 16 41 49
2008 091 03 17 29
2008 091 13 53 08
2008 092 00 28 47
2008 092 11 04 25
2008 092 21 40 04
2008 093 08 15 42
2008 093 18 51 20
2008 094 05 26 57
2008 094 16 02 34
2008 095 02 38 11
2008 095 13 13 47
2008 095 23 49 22
2008 096 10 24 58
2008 096 21 00 33
2008 097 07 36 08
2008 097 18 11 42
2008 098 04 47 17
2008 098 15 22 51
2008 099 01 58 25
2008 099 12 34 00
2008 099 23 09 34
2008 100 09 45 09
2008 100 20 20 43
2008 101 06 56 18
2008 101 17 31 52
2008 102 04 07 27
2008 102 14 43 01
2008 103 01 18 36
2008 103 11 54 10
2008 103 22 29 44
2008 104 09 05 17
2008 104 19 40 50
2008 105 06 16 23
2008 105 16 51 56
2008 106 03 27 28
2008 106 14 03 00
2008 107 00 38 31
2008 107 11 14 03
2008 107 21 49 34
2008 108 08 25 06
2008 108 19 00 37
2008 109 05 36 09
2008 109 16 11 41
2008 110 02 47 13
2008 110 13 22 45
2008 110 23 58 17
2008 111 10 33 49
2008 111 21 09 22
2008 112 07 44 54
2008 112 18 20 27
2008 113 04 55 59
2008 113 15 31 31
2008 114 02 07 03
2008 114 12 42 34
2008 114 23 18 05
2008 115 09 53 36
2008 115 20 29 06
2008 116 07 04 36
2008 116 17 40 06
2008 117 04 15 35
2008 117 14 51 04
2008 118 01 26 34
2008 118 12 02 03
2008 118 22 37 32
2008 119 09 13 02
2008 119 19 48 32
2008 120 06 24 02
2008 120 16 59 32
2008 121 03 35 03
2008 121 14 10 34
2008 122 00 46 05
2008 122 11 21 37
2008 122 21 57 09
2008 123 08 32 42
2008 123 19 08 15
2008 124 05 43 48
2008 124 16 19 22
2008 125 02 54 56
2008 125 13 30 30
2008 126 00 06 05
2008 126 10 41 40
2008 126 21 17 16
2008 127 07 52 51
2008 127 18 28 27
2008 128 05 04 03
2008 128 15 39 39
2008 129 02 15 15
2008 129 12 50 52
2008 129 23 26 28
2008 130 10 02 04
2008 130 20 37 40
2008 131 07 13 16
2008 131 17 48 52
2008 132 04 24 29
2008 132 15 00 06
2008 133 01 35 43
2008 133 12 11 21
2008 133 22 46 59
2008 134 09 22 38
2008 134 19 58 18
2008 135 06 33 58
2008 135 17 09 40
2008 136 03 45 22
2008 136 14 21 05
2008 137 00 56 49
2008 137 11 32 33
2008 137 22 08 18
2008 138 08 44 04
2008 138 19 19 50
2008 139 05 55 37
2008 139 16 31 24
2008 140 03 07 11
2008 140 13 42 59
2008 141 00 18 48
2008 141 10 54 36
2008 141 21 30 25
2008 142 08 06 15
2008 142 18 42 04
2008 143 05 17 54
2008 143 15 53 45
2008 144 02 29 35
2008 144 13 05 26
2008 144 23 41 17
2008 145 10 17 08
2008 145 20 52 59
2008 146 07 28 51
2008 146 18 04 43
2008 147 04 40 36
2008 147 15 16 29
2008 148 01 52 22
2008 148 12 28 16
2008 148 23 04 10
2008 149 09 40 06
2008 149 20 16 02
2008 150 06 51 58
2008 150 17 27 56
2008 151 04 03 54
2008 151 14 39 53
2008 152 01 15 52
2008 152 11 51 52
2008 152 22 27 53
2008 153 09 03 54
2008 153 19 39 56
2008 154 06 15 58
2008 154 16 52 01
2008 155 03 28 04
2008 155 14 04 08
2008 156 00 40 12
2008 156 11 16 17
2008 156 21 52 22
2008 157 08 28 27
2008 157 19 04 32
2008 158 05 40 37
2008 158 16 16 43
2008 159 02 52 49
2008 159 13 28 55
2008 160 00 05 00
2008 160 10 41 06
2008 160 21 17 12
2008 161 07 53 18
2008 161 18 29 24
2008 162 05 05 31
2008 162 15 41 38
2008 163 02 17 45
2008 163 12 53 53
2008 163 23 30 02
2008 164 10 06 11
2008 164 20 42 22
2008 165 07 18 33
2008 165 17 54 45
2008 166 04 30 57
2008 166 15 07 11
2008 167 01 43 25
2008 167 12 19 39
2008 167 22 55 53
2008 168 09 32 07
2008 168 20 08 22
2008 169 06 44 36
2008 169 17 20 50
2008 170 03 57 03
2008 170 14 33 16
2008 171 01 09 29
2008 171 11 45 42
2008 171 22 21 54
2008 172 08 58 07
2008 172 19 34 20
2008 173 06 10 33
2008 173 16 46 47
2008 174 03 23 02
2008 174 13 59 18
2008 175 00 35 34
2008 175 11 11 52
2008 175 21 48 11
2008 176 08 24 31
2008 176 19 00 51
2008 177 05 37 12
2008 177 16 13 34
2008 178 02 49 55
2008 178 13 26 17
2008 179 00 02 39
2008 179 10 39 00
2008 179 21 15 21
2008 180 07 51 41
2008 180 18 28 01
2008 181 05 04 20
2008 181 15 40 39
2008 182 02 16 58
2008 182 12 53 17
2008 182 23 29 36
2008 183 10 05 55
2008 183 20 42 14
2008 184 07 18 34
2008 184 17 54 55
2008 185 04 31 16
2008 185 15 07 38
2008 186 01 44 00
2008 186 12 20 23
2008 186 22 56 47
2008 187 09 33 11
2008 187 20 09 35
2008 188 06 45 59
2008 188 17 22 23
2008 189 03 58 47
2008 189 14 35 11
2008 190 01 11 35
2008 190 11 47 58
2008 190 22 24 21
2008 191 09 00 44
2008 191 19 37 06
2008 192 06 13 29
2008 192 16 49 51
2008 193 03 26 13
2008 193 14 02 35
2008 194 00 38 57
2008 194 11 15 19
2008 194 21 51 41
2008 195 08 28 03
2008 195 19 04 25
2008 196 05 40 47
2008 196 16 17 09
2008 197 02 53 32
2008 197 13 29 54
2008 198 00 06 16
2008 198 10 42 38
2008 198 21 19 01
2008 199 07 55 23
2008 199 18 31 45
2008 200 05 08 06
2008 200 15 44 28
2008 201 02 20 49
2008 201 12 57 11
2008 201 23 33 32
2008 202 10 09 53
2008 202 20 46 14
2008 203 07 22 35
2008 203 17 58 56
2008 204 04 35 16
2008 204 15 11 37
2008 205 01 47 57
2008 205 12 24 17
2008 205 23 00 37
2008 206 09 36 57
2008 206 20 13 17
2008 207 06 49 37
2008 207 17 25 56
2008 208 04 02 15
2008 208 14 38 34
2008 209 01 14 52
2008 209 11 51 10
2008 209 22 27 27
2008 210 09 03 44
2008 210 19 40 00
2008 211 06 16 16
2008 211 16 52 32
2008 212 03 28 47
2008 212 14 05 02
2008 213 00 41 16
2008 213 11 17 30
2008 213 21 53 44
2008 214 08 29 57
2008 214 19 06 10
2008 215 05 42 22
2008 215 16 18 34
2008 216 02 54 46
2008 216 13 30 58
2008 217 00 07 09
2008 217 10 43 20
2008 217 21 19 30
2008 218 07 55 40
2008 218 18 31 50
2008 219 05 07 59
2008 219 15 44 08
2008 220 02 20 17
2008 220 12 56 25
2008 220 23 32 33
2008 221 10 08 40
2008 221 20 44 47
2008 222 07 20 54
2008 222 17 57 01
2008 223 04 33 06
2008 223 15 09 12
2008 224 01 45 17
2008 224 12 21 21
2008 224 22 57 26
2008 225 09 33 29
2008 225 20 09 33
2008 226 06 45 35
2008 226 17 21 38
2008 227 03 57 40
2008 227 14 33 41
2008 228 01 09 43
2008 228 11 45 44
2008 228 22 21 44
2008 229 08 57 44
2008 229 19 33 44
2008 230 06 09 44
2008 230 16 45 43
2008 231 03 21 42
2008 231 13 57 40
2008 232 00 33 38
2008 232 11 09 36
2008 232 21 45 33
2008 233 08 21 29
2008 233 18 57 25
2008 234 05 33 20
2008 234 16 09 15
2008 235 02 45 08
2008 235 13 21 01
2008 235 23 56 53
2008 236 10 32 45
2008 236 21 08 35
2008 237 07 44 26
2008 237 18 20 15
2008 238 04 56 04
2008 238 15 31 53
2008 239 02 07 41
2008 239 12 43 28
2008 239 23 19 16
2008 240 09 55 02
2008 240 20 30 49
2008 241 07 06 35
2008 241 17 42 21
2008 242 04 18 06
2008 242 14 53 51
2008 243 01 29 36
2008 243 12 05 20
2008 243 22 41 03
2008 244 09 16 46
2008 244 19 52 28
2008 245 06 28 10
2008 245 17 03 51
2008 246 03 39 32
2008 246 14 15 12
2008 247 00 50 51
2008 247 11 26 30
2008 247 22 02 08
2008 248 08 37 46
2008 248 19 13 23
2008 249 05 48 59
2008 249 16 24 35
2008 250 03 00 11
2008 250 13 35 45
2008 251 00 11 20
2008 251 10 46 54
2008 251 21 22 27
2008 252 07 58 00
2008 252 18 33 32
2008 253 05 09 04
2008 253 15 44 36
2008 254 02 20 07
2008 254 12 55 38
2008 254 23 31 09
2008 255 10 06 39
2008 255 20 42 09
2008 256 07 17 38
2008 256 17 53 07
2008 257 04 28 36
2008 257 15 04 05
2008 258 01 39 33
2008 258 12 15 00
2008 258 22 50 27
2008 259 09 25 54
2008 259 20 01 20
2008 260 06 36 45
2008 260 17 12 10
2008 261 03 47 35
2008 261 14 22 59
2008 262 00 58 23
2008 262 11 33 46
2008 262 22 09 08
2008 263 08 44 31
2008 263 19 19 53
2008 264 05 55 14
2008 264 16 30 36
2008 265 03 05 57
2008 265 13 41 17
2008 266 00 16 38
2008 266 10 51 58
2008 266 21 27 17
2008 267 08 02 36
2008 267 18 37 55
2008 268 05 13 14
2008 268 15 48 32
2008 269 02 23 49
2008 269 12 59 07
2008 269 23 34 23
2008 270 10 09 39
2008 270 20 44 55
2008 271 07 20 10
2008 271 17 55 25
2008 272 04 30 40
2008 272 15 05 54
2008 273 01 41 07
2008 273 12 16 21
2008 273 22 51 34
2008 274 09 26 46
2008 274 20 01 59
2008 275 06 37 11
2008 275 17 12 23
2008 276 03 47 35
2008 276 14 22 46
2008 277 00 57 58
2008 277 11 33 09
2008 277 22 08 19
2008 278 08 43 30
2008 278 19 18 40
2008 279 05 53 50
2008 279 16 28 59
2008 280 03 04 08
2008 280 13 39 17
2008 281 00 14 26
2008 281 10 49 34
2008 281 21 24 42
2008 282 07 59 50
2008 282 18 34 57
2008 283 05 10 05
2008 283 15 45 12
2008 284 02 20 19
2008 284 12 55 26
2008 284 23 30 33
2008 285 10 05 40
2008 285 20 40 47
2008 286 07 15 54
2008 286 17 51 01
2008 287 04 26 07
2008 287 15 01 14
2008 288 01 36 20
2008 288 12 11 26
2008 288 22 46 32
2008 289 09 21 38
2008 289 19 56 43
2008 290 06 31 49
2008 290 17 06 54
2008 291 03 41 58
2008 291 14 17 03
2008 292 00 52 08
2008 292 11 27 12
2008 292 22 02 17
2008 293 08 37 21
2008 293 19 12 26
2008 294 05 47 30
2008 294 16 22 35
2008 295 02 57 40
2008 295 13 32 45
2008 296 00 07 51
2008 296 10 42 56
2008 296 21 18 02
2008 297 07 53 08
2008 297 18 28 13
2008 298 05 03 19
2008 298 15 38 24
2008 299 02 13 30
2008 299 12 48 35
2008 299 23 23 40
2008 300 09 58 44
2008 300 20 33 49
2008 301 07 08 53
2008 301 17 43 57
2008 302 04 19 01
2008 302 14 54 05
2008 303 01 29 09
2008 303 12 04 13
2008 303 22 39 17
2008 304 09 14 22
2008 304 19 49 27
2008 305 06 24 32
2008 305 16 59 38
2008 306 03 34 44
2008 306 14 09 50
2008 307 00 44 57
2008 307 11 20 04
2008 307 21 55 11
2008 308 08 30 19
2008 308 19 05 27
2008 309 05 40 35
2008 309 16 15 43
2008 310 02 50 52
2008 310 13 26 01
2008 311 00 01 11
2008 311 10 36 20
2008 311 21 11 30
2008 312 07 46 40
2008 312 18 21 50
2008 313 04 57 01
2008 313 15 32 12
2008 314 02 07 23
2008 314 12 42 34
2008 314 23 17 45
2008 315 09 52 57
2008 315 20 28 09
2008 316 07 03 21
2008 316 17 38 34
2008 317 04 13 47
2008 317 14 49 00
2008 318 01 24 14
2008 318 11 59 28
2008 318 22 34 42
2008 319 09 09 57
2008 319 19 45 12
2008 320 06 20 28
2008 320 16 55 44
2008 321 03 31 01
2008 321 14 06 19
2008 322 00 41 36
2008 322 11 16 54
2008 322 21 52 13
2008 323 08 27 32
2008 323 19 02 51
2008 324 05 38 10
2008 324 16 13 30
2008 325 02 48 51
2008 325 13 24 11
2008 325 23 59 32
2008 326 10 34 53
2008 326 21 10 15
2008 327 07 45 37
2008 327 18 21 00
2008 328 04 56 24
2008 328 15 31 48
2008 329 02 07 12
2008 329 12 42 38
2008 329 23 18 04
2008 330 09 53 31
2008 330 20 28 59
2008 331 07 04 27
2008 331 17 39 56
2008 332 04 15 26
2008 332 14 50 56
2008 333 01 26 27
2008 333 12 01 59
2008 333 22 37 31
2008 334 09 13 03
2008 334 19 48 36
2008 335 06 24 09
2008 335 16 59 42
2008 336 03 35 16
2008 336 14 10 50
2008 337 00 46 25
2008 337 11 22 00
2008 337 21 57 36
2008 338 08 33 12
2008 338 19 08 48
2008 339 05 44 26
2008 339 16 20 04
2008 340 02 55 42
2008 340 13 31 21
2008 341 00 07 01
2008 341 10 42 42
2008 341 21 18 24
2008 342 07 54 06
2008 342 18 29 49
2008 343 05 05 32
2008 343 15 41 17
2008 344 02 17 02
2008 344 12 52 48
2008 344 23 28 34
2008 345 10 04 22
2008 345 20 40 10
2008 346 07 15 59
2008 346 17 51 49
2008 347 04 27 39
2008 347 15 03 30
2008 348 01 39 21
2008 348 12 15 13
2008 348 22 51 06
2008 349 09 26 59
2008 349 20 02 52
2008 350 06 38 45
2008 350 17 14 39
2008 351 03 50 34
2008 351 14 26 29
2008 352 01 02 24
2008 352 11 38 20
2008 352 22 14 16
2008 353 08 50 13
2008 353 19 26 11
2008 354 06 02 09
2008 354 16 38 08
2008 355 03 14 07
2008 355 13 50 08
2008 356 00 26 09
2008 356 11 02 11
2008 356 21 38 13
2008 357 08 14 16
2008 357 18 50 20
2008 358 05 26 25
2008 358 16 02 30
2008 359 02 38 35
2008 359 13 14 41
2008 359 23 50 48
2008 360 10 26 55
2008 360 21 03 03
2008 361 07 39 11
2008 361 18 15 20
2008 362 04 51 29
2008 362 15 27 39
2008 363 02 03 49
2008 363 12 40 00
2008 363 23 16 11
2008 364 09 52 22
2008 364 20 28 35
2008 365 07 04 47
2008 365 17 41 01
2008 366 04 17 14
2008 366 14 53 28
2009 001 01 29 43
2009 001 12 05 57
2009 001 22 42 13
2009 002 09 18 28
2009 002 19 54 44
2009 003 06 31 00
2009 003 17 07 17
2009 004 03 43 33
2009 004 14 19 50
2009 005 00 56 07
2009 005 11 32 24
2009 005 22 08 42
2009 006 08 45 00
2009 006 19 21 18
2009 007 05 57 36
2009 007 16 33 55
2009 008 03 10 14
2009 008 13 46 34
2009 009 00 22 54
2009 009 10 59 14
2009 009 21 35 35
2009 010 08 11 56
2009 010 18 48 18
2009 011 05 24 40
2009 011 16 01 02
2009 012 02 37 24
2009 012 13 13 47
2009 012 23 50 11
2009 013 10 26 34
2009 013 21 02 58
2009 014 07 39 23
2009 014 18 15 47
2009 015 04 52 12
2009 015 15 28 37
2009 016 02 05 03
2009 016 12 41 29
2009 016 23 17 55
2009 017 09 54 21
2009 017 20 30 48
2009 018 07 07 15
2009 018 17 43 42
2009 019 04 20 10
2009 019 14 56 38
2009 020 01 33 06
2009 020 12 09 35
2009 020 22 46 04
2009 021 09 22 33
2009 021 19 59 03
2009 022 06 35 33
2009 022 17 12 03
2009 023 03 48 34
2009 023 14 25 05
2009 024 01 01 36
2009 024 11 38 08
2009 024 22 14 40
2009 025 08 51 12
2009 025 19 27 45
2009 026 06 04 18
2009 026 16 40 52
2009 027 03 17 26
2009 027 13 54 00
2009 028 00 30 35
2009 028 11 07 11
2009 028 21 43 47
2009 029 08 20 23
2009 029 18 57 00
2009 030 05 33 37
2009 030 16 10 14
2009 031 02 46 52
2009 031 13 23 30
2009 032 00 00 07
2009 032 10 36 45
2009 032 21 13 22
2009 033 07 50 00
2009 033 18 26 36
2009 034 05 03 13
2009 034 15 39 49
2009 035 02 16 24
2009 035 12 53 00
2009 035 23 29 36
2009 036 10 06 11
2009 036 20 42 48
2009 037 07 19 24
2009 037 17 56 02
2009 038 04 32 40
2009 038 15 09 19
2009 039 01 46 00
2009 039 12 22 42
2009 039 22 59 24
2009 040 09 36 08
2009 040 20 12 52
2009 041 06 49 37
2009 041 17 26 22
2009 042 04 03 06
2009 042 14 39 51
2009 043 01 16 35
2009 043 11 53 19
2009 043 22 30 02
2009 044 09 06 44
2009 044 19 43 25
2009 045 06 20 05
2009 045 16 56 45
2009 046 03 33 25
2009 046 14 10 05
2009 047 00 46 45
2009 047 11 23 25
2009 047 22 00 07
2009 048 08 36 49
2009 048 19 13 33
2009 049 05 50 18
2009 049 16 27 04
2009 050 03 03 51
2009 050 13 40 40
2009 051 00 17 29
2009 051 10 54 18
2009 051 21 31 08
2009 052 08 07 58
2009 052 18 44 48
2009 053 05 21 37
2009 053 15 58 26
2009 054 02 35 14
2009 054 13 12 01
2009 054 23 48 47
2009 055 10 25 32
2009 055 21 02 17
2009 056 07 39 02
2009 056 18 15 47
2009 057 04 52 32
2009 057 15 29 18
2009 058 02 06 04
2009 058 12 42 51
2009 058 23 19 39
2009 059 09 56 29
2009 059 20 33 19
2009 060 07 10 10
2009 060 17 47 02
2009 061 04 23 55
2009 061 15 00 48
2009 062 01 37 41
2009 062 12 14 34
2009 062 22 51 28
2009 063 09 28 21
2009 063 20 05 13
2009 064 06 42 05
2009 064 17 18 57
2009 065 03 55 48
2009 065 14 32 39
2009 066 01 09 29
2009 066 11 46 19
2009 066 22 23 09
2009 067 09 00 00
2009 067 19 36 50
2009 068 06 13 41
2009 068 16 50 32
2009 069 03 27 23
2009 069 14 04 15
2009 070 00 41 08
2009 070 11 18 01
2009 070 21 54 54
2009 071 08 31 48
2009 071 19 08 42
2009 072 05 45 37
2009 072 16 22 32
2009 073 02 59 27
2009 073 13 36 22
2009 074 00 13 18
2009 074 10 50 14
2009 074 21 27 10
2009 075 08 04 07
2009 075 18 41 03
2009 076 05 18 00
2009 076 15 54 57
2009 077 02 31 54
2009 077 13 08 51
2009 077 23 45 48
2009 078 10 22 46
2009 078 20 59 43
2009 079 07 36 41
2009 079 18 13 38
2009 080 04 50 35
2009 080 15 27 33
2009 081 02 04 31
2009 081 12 41 29
2009 081 23 18 28
2009 082 09 55 27
2009 082 20 32 26
2009 083 07 09 26
2009 083 17 46 26
2009 084 04 23 27
2009 084 15 00 28
2009 085 01 37 30
2009 085 12 14 32
2009 085 22 51 34
2009 086 09 28 37
2009 086 20 05 40
2009 087 06 42 43
2009 087 17 19 46
2009 088 03 56 48
2009 088 14 33 51
2009 089 01 10 53
2009 089 11 47 55
2009 089 22 24 56
2009 090 09 01 57
2009 090 19 38 58
2009 091 06 16 00
2009 091 16 53 01
2009 092 03 30 02
2009 092 14 07 04
2009 093 00 44 06
2009 093 11 21 09
2009 093 21 58 12
2009 094 08 35 16
2009 094 19 12 21
2009 095 05 49 26
2009 095 16 26 32
2009 096 03 03 38
2009 096 13 40 45
2009 097 00 17 52
2009 097 10 55 00
2009 097 21 32 08
2009 098 08 09 16
2009 098 18 46 25
2009 099 05 23 34
2009 099 16 00 43
2009 100 02 37 52
2009 100 13 15 01
2009 100 23 52 11
2009 101 10 29 21
2009 101 21 06 31
2009 102 07 43 41
2009 102 18 20 51
2009 103 04 58 01
2009 103 15 35 11
2009 104 02 12 22
2009 104 12 49 32
2009 104 23 26 42
2009 105 10 03 52
2009 105 20 41 03
2009 106 07 18 14
2009 106 17 55 24
2009 107 04 32 36
2009 107 15 09 47
2009 108 01 46 59
2009 108 12 24 11
2009 108 23 01 24
2009 109 09 38 37
2009 109 20 15 51
2009 110 06 53 05
2009 110 17 30 19
2009 111 04 07 34
2009 111 14 44 49
2009 112 01 22 04
2009 112 11 59 20
2009 112 22 36 35
2009 113 09 13 51
2009 113 19 51 07
2009 114 06 28 23
2009 114 17 05 39
2009 115 03 42 56
2009 115 14 20 12
2009 116 00 57 28
2009 116 11 34 45
2009 116 22 12 02
2009 117 08 49 20
2009 117 19 26 37
2009 118 06 03 55
2009 118 16 41 14
2009 119 03 18 33
2009 119 13 55 52
2009 120 00 33 12
2009 120 11 10 33
2009 120 21 47 54
2009 121 08 25 15
2009 121 19 02 37
2009 122 05 39 59
2009 122 16 17 22
2009 123 02 54 45
2009 123 13 32 08
2009 124 00 09 32
2009 124 10 46 56
2009 124 21 24 20
2009 125 08 01 44
2009 125 18 39 09
2009 126 05 16 34
2009 126 15 53 59
2009 127 02 31 25
2009 127 13 08 50
2009 127 23 46 16
2009 128 10 23 41
2009 128 21 01 07
2009 129 07 38 33
2009 129 18 15 58
2009 130 04 53 24
2009 130 15 30 50
2009 131 02 08 17
2009 131 12 45 43
2009 131 23 23 11
2009 132 10 00 39
2009 132 20 38 08
2009 133 07 15 37
2009 133 17 53 08
2009 134 04 30 40
2009 134 15 08 12
2009 135 01 45 46
2009 135 12 23 21
2009 135 23 00 56
2009 136 09 38 31
2009 136 20 16 07
2009 137 06 53 43
2009 137 17 31 19
2009 138 04 08 55
2009 138 14 46 30
2009 139 01 24 06
2009 139 12 01 40
2009 139 22 39 14
2009 140 09 16 48
2009 140 19 54 22
2009 141 06 31 56
2009 141 17 09 30
2009 142 03 47 04
2009 142 14 24 38
2009 143 01 02 13
2009 143 11 39 49
2009 143 22 17 25
2009 144 08 55 02
2009 144 19 32 40
2009 145 06 10 19
2009 145 16 47 59
2009 146 03 25 39
2009 146 14 03 20
2009 147 00 41 02
2009 147 11 18 44
2009 147 21 56 26
2009 148 08 34 09
2009 148 19 11 52
2009 149 05 49 35
2009 149 16 27 19
2009 150 03 05 03
2009 150 13 42 47
2009 151 00 20 32
2009 151 10 58 17
2009 151 21 36 02
2009 152 08 13 48
2009 152 18 51 35
2009 153 05 29 22
2009 153 16 07 09
2009 154 02 44 58
2009 154 13 22 47
2009 155 00 00 36
2009 155 10 38 26
2009 155 21 16 17
2009 156 07 54 08
2009 156 18 31 59
2009 157 05 09 51
2009 157 15 47 43
2009 158 02 25 35
2009 158 13 03 27
2009 158 23 41 19
2009 159 10 19 11
2009 159 20 57 03
2009 160 07 34 55
2009 160 18 12 48
2009 161 04 50 41
2009 161 15 28 35
2009 162 02 06 29
2009 162 12 44 23
2009 162 23 22 19
2009 163 10 00 15
2009 163 20 38 13
2009 164 07 16 11
2009 164 17 54 11
2009 165 04 32 11
2009 165 15 10 12
2009 166 01 48 14
2009 166 12 26 17
2009 166 23 04 20
2009 167 09 42 23
2009 167 20 20 26
2009 168 06 58 29
2009 168 17 36 33
2009 169 04 14 36
2009 169 14 52 39
2009 170 01 30 42
2009 170 12 08 45
2009 170 22 46 48
2009 171 09 24 51
2009 171 20 02 54
2009 172 06 40 58
2009 172 17 19 02
2009 173 03 57 07
2009 173 14 35 12
2009 174 01 13 19
2009 174 11 51 26
2009 174 22 29 34
2009 175 09 07 43
2009 175 19 45 52
2009 176 06 24 02
2009 176 17 02 13
2009 177 03 40 24
2009 177 14 18 36
2009 178 00 56 49
2009 178 11 35 02
2009 178 22 13 15
2009 179 08 51 28
2009 179 19 29 42
2009 180 06 07 57
2009 180 16 46 11
2009 181 03 24 26
2009 181 14 02 41
2009 182 00 40 57
2009 182 11 19 12
2009 182 21 57 28
2009 183 08 35 44
2009 183 19 14 01
2009 184 05 52 17
2009 184 16 30 34
2009 185 03 08 51
2009 185 13 47 08
2009 186 00 25 26
2009 186 11 03 44
2009 186 21 42 03
2009 187 08 20 22
2009 187 18 58 42
2009 188 05 37 02
2009 188 16 15 23
2009 189 02 53 45
2009 189 13 32 07
2009 190 00 10 30
2009 190 10 48 54
2009 190 21 27 19
2009 191 08 05 44
2009 191 18 44 10
2009 192 05 22 36
2009 192 16 01 03
2009 193 02 39 30
2009 193 13 17 58
2009 193 23 56 26
2009 194 10 34 55
2009 194 21 13 24
2009 195 07 51 53
2009 195 18 30 23
2009 196 05 08 54
2009 196 15 47 24
2009 197 02 25 56
2009 197 13 04 28
2009 197 23 43 00
2009 198 10 21 33
2009 198 21 00 06
2009 199 07 38 40
2009 199 18 17 15
2009 200 04 55 50
2009 200 15 34 26
2009 201 02 13 02
2009 201 12 51 39
2009 201 23 30 16
2009 202 10 08 53
2009 202 20 47 31
2009 203 07 26 10
2009 203 18 04 48
2009 204 04 43 27
2009 204 15 22 07
2009 205 02 00 46
2009 205 12 39 26
2009 205 23 18 07
2009 206 09 56 47
2009 206 20 35 29
2009 207 07 14 10
2009 207 17 52 52
2009 208 04 31 34
2009 208 15 10 16
2009 209 01 48 59
2009 209 12 27 42
2009 209 23 06 26
2009 210 09 45 10
2009 210 20 23 55
2009 211 07 02 40
2009 211 17 41 26
2009 212 04 20 12
2009 212 14 58 59
2009 213 01 37 47
2009 213 12 16 36
2009 213 22 55 25
2009 214 09 34 15
2009 214 20 13 06
2009 215 06 51 58
2009 215 17 30 51
2009 216 04 09 44
2009 216 14 48 38
2009 217 01 27 33
2009 217 12 06 28
2009 217 22 45 24
2009 218 09 24 20
2009 218 20 03 17
2009 219 06 42 14
2009 219 17 21 11
2009 220 04 00 09
2009 220 14 39 07
2009 221 01 18 06
2009 221 11 57 05
2009 221 22 36 04
2009 222 09 15 04
2009 222 19 54 04
2009 223 06 33 05
2009 223 17 12 07
2009 224 03 51 08
2009 224 14 30 11
2009 225 01 09 14
2009 225 11 48 17
2009 225 22 27 21
2009 226 09 06 26
2009 226 19 45 31
2009 227 06 24 37
2009 227 17 03 43
2009 228 03 42 50
2009 228 14 21 58
2009 229 01 01 07
2009 229 11 40 16
2009 229 22 19 26
2009 230 08 58 36
2009 230 19 37 48
2009 231 06 16 59
2009 231 16 56 12
2009 232 03 35 24
2009 232 14 14 38
2009 233 00 53 52
2009 233 11 33 06
2009 233 22 12 21
2009 234 08 51 36
2009 234 19 30 52
2009 235 06 10 08
2009 235 16 49 25
2009 236 03 28 42
2009 236 14 08 00
2009 237 00 47 18
2009 237 11 26 37
2009 237 22 05 57
2009 238 08 45 17
2009 238 19 24 38
2009 239 06 04 00
2009 239 16 43 22
2009 240 03 22 45
2009 240 14 02 09
2009 241 00 41 34
2009 241 11 20 59
2009 241 22 00 25
2009 242 08 39 51
2009 242 19 19 18
2009 243 05 58 45
2009 243 16 38 13
2009 244 03 17 42
2009 244 13 57 10
2009 245 00 36 40
2009 245 11 16 09
2009 245 21 55 40
2009 246 08 35 11
2009 246 19 14 43
2009 247 05 54 15
2009 247 16 33 48
2009 248 03 13 22
2009 248 13 52 56
2009 249 00 32 32
2009 249 11 12 08
2009 249 21 51 45
2009 250 08 31 23
2009 250 19 11 02
2009 251 05 50 42
2009 251 16 30 22
2009 252 03 10 03
2009 252 13 49 45
2009 253 00 29 27
2009 253 11 09 10
2009 253 21 48 53
2009 254 08 28 38
2009 254 19 08 22
2009 255 05 48 08
2009 255 16 27 53
2009 256 03 07 40
2009 256 13 47 27
2009 257 00 27 14
2009 257 11 07 02
2009 257 21 46 50
2009 258 08 26 39
2009 258 19 06 28
