2004 256 07 14 58
2004 256 18 01 31
2004 257 04 48 05
2004 257 15 34 39
2004 258 02 21 12
2004 258 13 07 46
2004 258 23 54 20
2004 259 10 40 54
2004 259 21 27 28
2004 260 08 14 03
2004 260 19 00 37
2004 261 05 47 11
2004 261 16 33 46
2004 262 03 20 20
2004 262 14 06 54
2004 263 00 53 29
2004 263 11 40 03
2004 263 22 26 38
2004 264 09 13 12
2004 264 19 59 46
2004 265 06 46 21
2004 265 17 32 55
2004 266 04 19 29
2004 266 15 06 03
2004 267 01 52 37
2004 267 12 39 11
2004 267 23 25 45
2004 268 10 12 19
2004 268 20 58 53
2004 269 07 45 27
2004 269 18 32 01
2004 270 05 18 34
2004 270 16 05 08
2004 271 02 51 42
2004 271 13 38 15
2004 272 00 24 49
2004 272 11 11 23
2004 272 21 57 56
2004 273 08 44 30
2004 273 19 31 04
2004 274 06 17 37
2004 274 17 04 11
2004 275 03 50 44
2004 275 14 37 18
2004 276 01 23 52
2004 276 12 10 26
2004 276 22 56 59
2004 277 09 43 33
2004 277 20 30 07
2004 278 07 16 41
2004 278 18 03 15
2004 279 04 49 49
2004 279 15 36 23
2004 280 02 22 58
2004 280 13 09 32
2004 280 23 56 07
2004 281 10 42 42
2004 281 21 29 17
2004 282 08 15 52
2004 282 19 02 27
2004 283 05 49 03
2004 283 16 35 38
2004 284 03 22 14
2004 284 14 08 49
2004 285 00 55 25
2004 285 11 42 01
2004 285 22 28 37
2004 286 09 15 13
2004 286 20 01 49
2004 287 06 48 25
2004 287 17 35 01
2004 288 04 21 37
2004 288 15 08 13
2004 289 01 54 49
2004 289 12 41 25
2004 289 23 28 00
2004 290 10 14 36
2004 290 21 01 12
2004 291 07 47 48
2004 291 18 34 23
2004 292 05 20 59
2004 292 16 07 35
2004 293 02 54 11
2004 293 13 40 47
2004 294 00 27 23
2004 294 11 13 59
2004 294 22 00 36
2004 295 08 47 13
2004 295 19 33 50
2004 296 06 20 28
2004 296 17 07 06
2004 297 03 53 44
2004 297 14 40 23
2004 298 01 27 02
2004 298 12 13 41
2004 298 23 00 20
2004 299 09 47 00
2004 299 20 33 39
2004 300 07 20 19
2004 300 18 06 58
2004 301 04 53 37
2004 301 15 40 17
2004 302 02 26 56
2004 302 13 13 35
2004 303 00 00 14
2004 303 10 46 53
2004 303 21 33 32
2004 304 08 20 12
2004 304 19 06 51
2004 305 05 53 30
2004 305 16 40 10
2004 306 03 26 50
2004 306 14 13 29
2004 307 01 00 09
2004 307 11 46 50
2004 307 22 33 30
2004 308 09 20 11
2004 308 20 06 51
2004 309 06 53 32
2004 309 17 40 14
2004 310 04 26 55
2004 310 15 13 36
2004 311 02 00 18
2004 311 12 47 00
2004 311 23 33 42
2004 312 10 20 25
2004 312 21 07 07
2004 313 07 53 50
2004 313 18 40 33
2004 314 05 27 16
2004 314 16 13 59
2004 315 03 00 42
2004 315 13 47 25
2004 316 00 34 09
2004 316 11 20 52
2004 316 22 07 35
2004 317 08 54 19
2004 317 19 41 03
2004 318 06 27 47
2004 318 17 14 31
2004 319 04 01 16
2004 319 14 48 01
2004 320 01 34 46
2004 320 12 21 32
2004 320 23 08 18
2004 321 09 55 05
2004 321 20 41 53
2004 322 07 28 41
2004 322 18 15 29
2004 323 05 02 18
2004 323 15 49 07
2004 324 02 35 56
2004 324 13 22 46
2004 325 00 09 35
2004 325 10 56 25
2004 325 21 43 15
2004 326 08 30 05
2004 326 19 16 55
2004 327 06 03 45
2004 327 16 50 35
2004 328 03 37 25
2004 328 14 24 15
2004 329 01 11 05
2004 329 11 57 55
2004 329 22 44 45
2004 330 09 31 35
2004 330 20 18 25
2004 331 07 05 15
2004 331 17 52 05
2004 332 04 38 55
2004 332 15 25 46
2004 333 02 12 36
2004 333 12 59 27
2004 333 23 46 18
2004 334 10 33 08
2004 334 21 20 00
2004 335 08 06 51
2004 335 18 53 43
2004 336 05 40 35
2004 336 16 27 27
2004 337 03 14 20
2004 337 14 01 12
2004 338 00 48 06
2004 338 11 34 59
2004 338 22 21 53
2004 339 09 08 47
2004 339 19 55 42
2004 340 06 42 36
2004 340 17 29 32
2004 341 04 16 27
2004 341 15 03 23
2004 342 01 50 19
2004 342 12 37 15
2004 342 23 24 11
2004 343 10 11 08
2004 343 20 58 05
2004 344 07 45 02
2004 344 18 31 59
2004 345 05 18 56
2004 345 16 05 53
2004 346 02 52 50
2004 346 13 39 47
2004 347 00 26 45
2004 347 11 13 42
2004 347 22 00 39
2004 348 08 47 36
2004 348 19 34 33
2004 349 06 21 30
2004 349 17 08 27
2004 350 03 55 24
2004 350 14 42 21
2004 351 01 29 18
2004 351 12 16 15
2004 351 23 03 12
2004 352 09 50 09
2004 352 20 37 06
2004 353 07 24 03
2004 353 18 11 00
2004 354 04 57 58
2004 354 15 44 55
2004 355 02 31 53
2004 355 13 18 51
2004 356 00 05 49
2004 356 10 52 48
2004 356 21 39 47
2004 357 08 26 46
2004 357 19 13 46
2004 358 06 00 46
2004 358 16 47 46
2004 359 03 34 46
2004 359 14 21 46
2004 360 01 08 47
2004 360 11 55 48
2004 360 22 42 49
2004 361 09 29 51
2004 361 20 16 52
2004 362 07 03 54
2004 362 17 50 55
2004 363 04 37 57
2004 363 15 24 59
2004 364 02 12 01
2004 364 12 59 03
2004 364 23 46 06
2004 365 10 33 08
2004 365 21 20 10
2004 366 08 07 12
2004 366 18 54 14
2005 001 05 41 16
2005 001 16 28 18
2005 002 03 15 20
2005 002 14 02 22
2005 003 00 49 24
2005 003 11 36 26
2005 003 22 23 28
2005 004 09 10 31
2005 004 19 57 33
2005 005 06 44 35
2005 005 17 31 38
2005 006 04 18 41
2005 006 15 05 43
2005 007 01 52 46
2005 007 12 39 49
2005 007 23 26 53
2005 008 10 13 56
2005 008 21 01 00
2005 009 07 48 04
2005 009 18 35 08
2005 010 05 22 12
2005 010 16 09 17
2005 011 02 56 22
2005 011 13 43 27
2005 012 00 30 32
2005 012 11 17 38
2005 012 22 04 44
2005 013 08 51 50
2005 013 19 38 56
2005 014 06 26 02
2005 014 17 13 09
2005 015 04 00 16
2005 015 14 47 23
2005 016 01 34 30
2005 016 12 21 38
2005 016 23 08 46
2005 017 09 55 53
2005 017 20 43 01
2005 018 07 30 09
2005 018 18 17 17
2005 019 05 04 25
2005 019 15 51 33
2005 020 02 38 41
2005 020 13 25 49
2005 021 00 12 57
2005 021 11 00 06
2005 021 21 47 14
2005 022 08 34 22
2005 022 19 21 30
2005 023 06 08 39
2005 023 16 55 48
2005 024 03 42 56
2005 024 14 30 05
2005 025 01 17 14
2005 025 12 04 24
2005 025 22 51 33
2005 026 09 38 43
2005 026 20 25 53
2005 027 07 13 03
2005 027 18 00 14
2005 028 04 47 24
2005 028 15 34 35
2005 029 02 21 46
2005 029 13 08 58
2005 029 23 56 10
2005 030 10 43 22
2005 030 21 30 34
2005 031 08 17 47
2005 031 19 04 59
2005 032 05 52 12
2005 032 16 39 26
2005 033 03 26 39
2005 033 14 13 53
2005 034 01 01 06
2005 034 11 48 20
2005 034 22 35 35
2005 035 09 22 49
2005 035 20 10 03
2005 036 06 57 18
2005 036 17 44 32
2005 037 04 31 47
2005 037 15 19 02
2005 038 02 06 17
2005 038 12 53 32
2005 038 23 40 48
2005 039 10 28 03
2005 039 21 15 18
2005 040 08 02 34
2005 040 18 49 50
2005 041 05 37 06
2005 041 16 24 22
2005 042 03 11 38
2005 042 13 58 54
2005 043 00 46 10
2005 043 11 33 27
2005 043 22 20 44
2005 044 09 08 01
2005 044 19 55 18
2005 045 06 42 35
2005 045 17 29 52
2005 046 04 17 09
2005 046 15 04 27
2005 047 01 51 45
2005 047 12 39 03
2005 047 23 26 21
2005 048 10 13 39
2005 048 21 00 57
2005 049 07 48 16
2005 049 18 35 35
2005 050 05 22 53
2005 050 16 10 13
2005 051 02 57 32
2005 051 13 44 51
2005 052 00 32 11
2005 052 11 19 30
2005 052 22 06 50
2005 053 08 54 11
2005 053 19 41 31
2005 054 06 28 52
2005 054 17 16 12
2005 055 04 03 34
2005 055 14 50 55
2005 056 01 38 16
2005 056 12 25 38
2005 056 23 13 00
2005 057 10 00 22
2005 057 20 47 45
2005 058 07 35 07
2005 058 18 22 30
2005 059 05 09 53
2005 059 15 57 16
2005 060 02 44 40
2005 060 13 32 03
2005 061 00 19 27
2005 061 11 06 51
2005 061 21 54 15
2005 062 08 41 39
2005 062 19 29 03
2005 063 06 16 28
2005 063 17 03 53
2005 064 03 51 19
2005 064 14 38 45
2005 065 01 26 11
2005 065 12 13 37
2005 065 23 01 04
2005 066 09 48 31
2005 066 20 35 58
2005 067 07 23 26
2005 067 18 10 54
2005 068 04 58 22
2005 068 15 45 51
2005 069 02 33 19
2005 069 13 20 48
2005 070 00 08 17
2005 070 10 55 45
2005 070 21 43 14
2005 071 08 30 44
2005 071 19 18 13
2005 072 06 05 42
2005 072 16 53 11
2005 073 03 40 41
2005 073 14 28 10
2005 074 01 15 40
2005 074 12 03 10
2005 074 22 50 39
2005 075 09 38 09
2005 075 20 25 39
2005 076 07 13 08
2005 076 18 00 38
2005 077 04 48 08
2005 077 15 35 39
2005 078 02 23 09
2005 078 13 10 40
2005 078 23 58 11
2005 079 10 45 42
2005 079 21 33 14
2005 080 08 20 46
2005 080 19 08 18
2005 081 05 55 51
2005 081 16 43 24
2005 082 03 30 57
2005 082 14 18 30
2005 083 01 06 04
2005 083 11 53 37
2005 083 22 41 11
2005 084 09 28 44
2005 084 20 16 17
2005 085 07 03 51
2005 085 17 51 24
2005 086 04 38 56
2005 086 15 26 29
2005 087 02 14 02
2005 087 13 01 35
2005 087 23 49 08
2005 088 10 36 41
2005 088 21 24 14
2005 089 08 11 47
2005 089 18 59 21
2005 090 05 46 54
2005 090 16 34 28
2005 091 03 22 02
2005 091 14 09 37
2005 092 00 57 11
2005 092 11 44 46
2005 092 22 32 20
2005 093 09 19 55
2005 093 20 07 30
2005 094 06 55 04
2005 094 17 42 39
2005 095 04 30 13
2005 095 15 17 48
2005 096 02 05 22
2005 096 12 52 56
2005 096 23 40 30
2005 097 10 28 04
2005 097 21 15 38
2005 098 08 03 13
2005 098 18 50 47
2005 099 05 38 21
2005 099 16 25 55
2005 100 03 13 29
2005 100 14 01 03
2005 101 00 48 37
2005 101 11 36 12
2005 101 22 23 46
2005 102 09 11 20
2005 102 19 58 55
2005 103 06 46 29
2005 103 17 34 04
2005 104 04 21 38
2005 104 15 09 12
2005 105 01 56 47
2005 105 12 44 21
2005 105 23 31 55
2005 106 10 19 30
2005 106 21 07 04
2005 107 07 54 38
2005 107 18 42 12
2005 108 05 29 47
2005 108 16 17 21
2005 109 03 04 55
2005 109 13 52 29
2005 110 00 40 03
2005 110 11 27 37
2005 110 22 15 11
2005 111 09 02 45
2005 111 19 50 19
2005 112 06 37 53
2005 112 17 25 26
2005 113 04 13 00
2005 113 15 00 33
2005 114 01 48 07
2005 114 12 35 40
2005 114 23 23 13
2005 115 10 10 46
2005 115 20 58 18
2005 116 07 45 51
2005 116 18 33 23
2005 117 05 20 55
2005 117 16 08 28
2005 118 02 56 00
2005 118 13 43 32
2005 119 00 31 04
2005 119 11 18 36
2005 119 22 06 08
2005 120 08 53 39
2005 120 19 41 11
2005 121 06 28 43
2005 121 17 16 15
2005 122 04 03 47
2005 122 14 51 19
2005 123 01 38 51
2005 123 12 26 23
2005 123 23 13 55
2005 124 10 01 27
2005 124 20 48 58
2005 125 07 36 30
2005 125 18 24 02
2005 126 05 11 33
2005 126 15 59 05
2005 127 02 46 36
2005 127 13 34 08
2005 128 00 21 39
2005 128 11 09 10
2005 128 21 56 41
2005 129 08 44 12
2005 129 19 31 43
2005 130 06 19 13
2005 130 17 06 43
2005 131 03 54 14
2005 131 14 41 44
2005 132 01 29 14
2005 132 12 16 43
2005 132 23 04 13
2005 133 09 51 43
2005 133 20 39 12
2005 134 07 26 42
2005 134 18 14 11
2005 135 05 01 41
2005 135 15 49 10
2005 136 02 36 39
2005 136 13 24 09
2005 137 00 11 38
2005 137 10 59 07
2005 137 21 46 36
2005 138 08 34 06
2005 138 19 21 35
2005 139 06 09 04
2005 139 16 56 32
2005 140 03 44 01
2005 140 14 31 30
2005 141 01 18 59
2005 141 12 06 27
2005 141 22 53 56
2005 142 09 41 24
2005 142 20 28 53
2005 143 07 16 21
2005 143 18 03 50
2005 144 04 51 18
2005 144 15 38 47
2005 145 02 26 15
2005 145 13 13 44
2005 146 00 01 13
2005 146 10 48 42
2005 146 21 36 10
2005 147 08 23 39
2005 147 19 11 08
2005 148 05 58 36
2005 148 16 46 05
2005 149 03 33 33
2005 149 14 21 01
2005 150 01 08 29
2005 150 11 55 56
2005 150 22 43 24
2005 151 09 30 51
2005 151 20 18 18
2005 152 07 05 45
2005 152 17 53 12
2005 153 04 40 39
2005 153 15 28 05
2005 154 02 15 32
2005 154 13 02 58
2005 154 23 50 25
2005 155 10 37 52
2005 155 21 25 18
2005 156 08 12 45
2005 156 19 00 12
2005 157 05 47 38
2005 157 16 35 05
2005 158 03 22 32
2005 158 14 09 58
2005 159 00 57 25
2005 159 11 44 52
2005 159 22 32 18
2005 160 09 19 45
2005 160 20 07 11
2005 161 06 54 37
2005 161 17 42 04
2005 162 04 29 30
2005 162 15 16 57
2005 163 02 04 23
2005 163 12 51 49
2005 163 23 39 16
2005 164 10 26 42
2005 164 21 14 08
2005 165 08 01 35
2005 165 18 49 01
2005 166 05 36 28
2005 166 16 23 54
2005 167 03 11 21
2005 167 13 58 48
2005 168 00 46 15
2005 168 11 33 41
2005 168 22 21 08
2005 169 09 08 35
2005 169 19 56 02
2005 170 06 43 30
2005 170 17 30 57
2005 171 04 18 24
2005 171 15 05 52
2005 172 01 53 19
2005 172 12 40 47
2005 172 23 28 14
2005 173 10 15 42
2005 173 21 03 10
2005 174 07 50 38
2005 174 18 38 06
2005 175 05 25 34
2005 175 16 13 02
2005 176 03 00 31
2005 176 13 47 59
2005 177 00 35 28
2005 177 11 22 56
2005 177 22 10 25
2005 178 08 57 54
2005 178 19 45 22
2005 179 06 32 51
2005 179 17 20 20
2005 180 04 07 49
2005 180 14 55 18
2005 181 01 42 48
2005 181 12 30 17
2005 181 23 17 46
2005 182 10 05 16
2005 182 20 52 46
2005 183 07 40 16
2005 183 18 27 46
2005 184 05 15 17
2005 184 16 02 47
2005 185 02 50 18
2005 185 13 37 50
2005 186 00 25 21
2005 186 11 12 53
2005 186 22 00 25
2005 187 08 47 57
2005 187 19 35 30
2005 188 06 23 03
2005 188 17 10 36
2005 189 03 58 09
2005 189 14 45 42
2005 190 01 33 15
2005 190 12 20 48
2005 190 23 08 22
2005 191 09 55 55
2005 191 20 43 29
2005 192 07 31 03
2005 192 18 18 37
2005 193 05 06 11
2005 193 15 53 45
2005 194 02 41 19
2005 194 13 28 53
2005 195 00 16 28
2005 195 11 04 03
2005 195 21 51 38
2005 196 08 39 13
2005 196 19 26 48
2005 197 06 14 23
2005 197 17 01 59
2005 198 03 49 35
2005 198 14 37 11
2005 199 01 24 47
2005 199 12 12 23
2005 199 23 00 00
2005 200 09 47 37
2005 200 20 35 14
2005 201 07 22 51
2005 201 18 10 29
2005 202 04 58 06
2005 202 15 45 44
2005 203 02 33 22
2005 203 13 21 01
2005 204 00 08 39
2005 204 10 56 18
2005 204 21 43 56
2005 205 08 31 35
2005 205 19 19 14
2005 206 06 06 54
2005 206 16 54 33
2005 207 03 42 13
2005 207 14 29 53
2005 208 01 17 33
2005 208 12 05 13
2005 208 22 52 54
2005 209 09 40 34
2005 209 20 28 15
2005 210 07 15 57
2005 210 18 03 39
2005 211 04 51 21
2005 211 15 39 03
2005 212 02 26 46
2005 212 13 14 28
2005 213 00 02 11
2005 213 10 49 55
2005 213 21 37 38
2005 214 08 25 22
2005 214 19 13 06
2005 215 06 00 50
2005 215 16 48 34
2005 216 03 36 19
2005 216 14 24 03
2005 217 01 11 48
2005 217 11 59 33
2005 217 22 47 18
2005 218 09 35 03
2005 218 20 22 48
2005 219 07 10 34
2005 219 17 58 19
2005 220 04 46 05
2005 220 15 33 50
2005 221 02 21 36
2005 221 13 09 22
2005 221 23 57 08
2005 222 10 44 54
2005 222 21 32 41
2005 223 08 20 27
2005 223 19 08 14
2005 224 05 56 01
2005 224 16 43 48
2005 225 03 31 36
2005 225 14 19 24
2005 226 01 07 12
2005 226 11 55 00
2005 226 22 42 49
2005 227 09 30 38
2005 227 20 18 27
2005 228 07 06 16
2005 228 17 54 06
2005 229 04 41 56
2005 229 15 29 46
2005 230 02 17 36
2005 230 13 05 26
2005 230 23 53 16
2005 231 10 41 06
2005 231 21 28 57
2005 232 08 16 47
2005 232 19 04 38
2005 233 05 52 29
2005 233 16 40 20
2005 234 03 28 10
2005 234 14 16 02
2005 235 01 03 53
2005 235 11 51 44
2005 235 22 39 35
2005 236 09 27 27
2005 236 20 15 18
2005 237 07 03 10
2005 237 17 51 02
2005 238 04 38 53
2005 238 15 26 45
2005 239 02 14 37
2005 239 13 02 29
2005 239 23 50 20
2005 240 10 38 12
2005 240 21 26 04
2005 241 08 13 56
2005 241 19 01 48
2005 242 05 49 40
2005 242 16 37 32
2005 243 03 25 24
2005 243 14 13 16
2005 244 01 01 08
2005 244 11 49 00
2005 244 22 36 52
2005 245 09 24 44
2005 245 20 12 36
2005 246 07 00 28
2005 246 17 48 19
2005 247 04 36 11
2005 247 15 24 03
2005 248 02 11 55
2005 248 12 59 47
2005 248 23 47 39
2005 249 10 35 31
2005 249 21 23 23
2005 250 08 11 15
2005 250 18 59 07
2005 251 05 46 59
2005 251 16 34 52
2005 252 03 22 44
2005 252 14 10 36
2005 253 00 58 29
2005 253 11 46 21
2005 253 22 34 13
2005 254 09 22 05
2005 254 20 09 58
2005 255 06 57 50
2005 255 17 45 42
2005 256 04 33 34
2005 256 15 21 26
2005 257 02 09 18
2005 257 12 57 10
2005 257 23 45 02
2005 258 10 32 54
2005 258 21 20 46
2005 259 08 08 37
2005 259 18 56 29
2005 260 05 44 20
2005 260 16 32 11
2005 261 03 20 03
2005 261 14 07 54
2005 262 00 55 45
2005 262 11 43 35
2005 262 22 31 26
2005 263 09 19 17
2005 263 20 07 07
2005 264 06 54 58
2005 264 17 42 48
2005 265 04 30 38
2005 265 15 18 28
2005 266 02 06 18
2005 266 12 54 08
2005 266 23 41 58
2005 267 10 29 48
2005 267 21 17 38
2005 268 08 05 28
2005 268 18 53 17
2005 269 05 41 07
2005 269 16 28 57
2005 270 03 16 47
2005 270 14 04 37
2005 271 00 52 26
2005 271 11 40 16
2005 271 22 28 06
2005 272 09 15 56
2005 272 20 03 46
2005 273 06 51 35
2005 273 17 39 25
2005 274 04 27 15
2005 274 15 15 05
2005 275 02 02 55
2005 275 12 50 45
2005 275 23 38 35
2005 276 10 26 25
2005 276 21 14 15
2005 277 08 02 05
2005 277 18 49 55
2005 278 05 37 44
2005 278 16 25 34
2005 279 03 13 24
2005 279 14 01 13
2005 280 00 49 03
2005 280 11 36 52
2005 280 22 24 41
2005 281 09 12 31
2005 281 20 00 20
2005 282 06 48 09
2005 282 17 35 57
2005 283 04 23 46
2005 283 15 11 35
2005 284 01 59 23
2005 284 12 47 12
2005 284 23 35 00
2005 285 10 22 49
2005 285 21 10 37
2005 286 07 58 25
2005 286 18 46 14
2005 287 05 34 02
2005 287 16 21 50
2005 288 03 09 38
2005 288 13 57 27
2005 289 00 45 15
2005 289 11 33 04
2005 289 22 20 52
2005 290 09 08 41
2005 290 19 56 30
2005 291 06 44 18
2005 291 17 32 07
2005 292 04 19 56
2005 292 15 07 45
2005 293 01 55 34
2005 293 12 43 23
2005 293 23 31 11
2005 294 10 19 00
2005 294 21 06 49
2005 295 07 54 37
2005 295 18 42 26
2005 296 05 30 14
2005 296 16 18 03
2005 297 03 05 51
2005 297 13 53 39
2005 298 00 41 28
2005 298 11 29 16
2005 298 22 17 04
2005 299 09 04 52
2005 299 19 52 40
2005 300 06 40 29
2005 300 17 28 17
2005 301 04 16 05
2005 301 15 03 53
2005 302 01 51 42
2005 302 12 39 30
2005 302 23 27 19
2005 303 10 15 07
2005 303 21 02 56
2005 304 07 50 45
2005 304 18 38 34
2005 305 05 26 23
2005 305 16 14 12
2005 306 03 02 01
2005 306 13 49 51
2005 307 00 37 41
2005 307 11 25 30
2005 307 22 13 20
2005 308 09 01 10
2005 308 19 49 00
2005 309 06 36 50
2005 309 17 24 40
2005 310 04 12 30
2005 310 15 00 20
2005 311 01 48 10
2005 311 12 36 01
2005 311 23 23 51
2005 312 10 11 41
2005 312 20 59 31
2005 313 07 47 21
2005 313 18 35 11
2005 314 05 23 01
2005 314 16 10 51
2005 315 02 58 42
2005 315 13 46 32
2005 316 00 34 22
2005 316 11 22 12
2005 316 22 10 02
2005 317 08 57 52
2005 317 19 45 42
2005 318 06 33 33
2005 318 17 21 23
2005 319 04 09 13
2005 319 14 57 04
2005 320 01 44 54
2005 320 12 32 45
2005 320 23 20 36
2005 321 10 08 27
2005 321 20 56 18
2005 322 07 44 09
2005 322 18 32 00
2005 323 05 19 51
2005 323 16 07 42
2005 324 02 55 33
2005 324 13 43 24
2005 325 00 31 16
2005 325 11 19 07
2005 325 22 06 58
2005 326 08 54 49
2005 326 19 42 41
2005 327 06 30 32
2005 327 17 18 23
2005 328 04 06 15
2005 328 14 54 06
2005 329 01 41 57
2005 329 12 29 49
2005 329 23 17 40
2005 330 10 05 32
2005 330 20 53 23
2005 331 07 41 15
2005 331 18 29 07
2005 332 05 16 58
2005 332 16 04 50
2005 333 02 52 42
2005 333 13 40 34
2005 334 00 28 26
2005 334 11 16 18
2005 334 22 04 10
2005 335 08 52 02
2005 335 19 39 54
2005 336 06 27 46
2005 336 17 15 38
2005 337 04 03 30
2005 337 14 51 22
2005 338 01 39 14
2005 338 12 27 06
2005 338 23 14 58
2005 339 10 02 51
2005 339 20 50 43
2005 340 07 38 35
2005 340 18 26 27
2005 341 05 14 19
2005 341 16 02 11
2005 342 02 50 03
2005 342 13 37 55
2005 343 00 25 47
2005 343 11 13 40
2005 343 22 01 32
2005 344 08 49 25
2005 344 19 37 17
2005 345 06 25 10
2005 345 17 13 04
2005 346 04 00 57
2005 346 14 48 50
2005 347 01 36 44
2005 347 12 24 37
2005 347 23 12 31
2005 348 10 00 25
2005 348 20 48 19
2005 349 07 36 12
2005 349 18 24 06
2005 350 05 12 00
2005 350 15 59 54
2005 351 02 47 48
2005 351 13 35 41
2005 352 00 23 35
2005 352 11 11 29
2005 352 21 59 23
2005 353 08 47 16
2005 353 19 35 10
2005 354 06 23 04
2005 354 17 10 58
2005 355 03 58 52
2005 355 14 46 46
2005 356 01 34 40
2005 356 12 22 35
2005 356 23 10 29
2005 357 09 58 23
2005 357 20 46 18
2005 358 07 34 12
2005 358 18 22 06
2005 359 05 10 01
2005 359 15 57 55
2005 360 02 45 50
2005 360 13 33 44
2005 361 00 21 39
2005 361 11 09 33
2005 361 21 57 28
2005 362 08 45 23
2005 362 19 33 17
2005 363 06 21 12
2005 363 17 09 06
2005 364 03 57 01
2005 364 14 44 56
2005 365 01 32 50
2005 365 12 20 45
2005 365 23 08 40
2006 001 09 56 34
2006 001 20 44 29
2006 002 07 32 24
2006 002 18 20 19
2006 003 05 08 14
2006 003 15 56 10
2006 004 02 44 05
2006 004 13 32 00
2006 005 00 19 56
2006 005 11 07 52
2006 005 21 55 48
2006 006 08 43 44
2006 006 19 31 40
2006 007 06 19 36
2006 007 17 07 32
2006 008 03 55 28
2006 008 14 43 25
2006 009 01 31 21
2006 009 12 19 16
2006 009 23 07 12
2006 010 09 55 08
2006 010 20 43 03
2006 011 07 30 59
2006 011 18 18 54
2006 012 05 06 49
2006 012 15 54 44
2006 013 02 42 39
2006 013 13 30 34
2006 014 00 18 28
2006 014 11 06 23
2006 014 21 54 18
2006 015 08 42 13
2006 015 19 30 08
2006 016 06 18 03
2006 016 17 05 57
2006 017 03 53 52
2006 017 14 41 47
2006 018 01 29 42
2006 018 12 17 37
2006 018 23 05 32
2006 019 09 53 27
2006 019 20 41 22
2006 020 07 29 16
2006 020 18 17 11
2006 021 05 05 06
2006 021 15 53 01
2006 022 02 40 56
2006 022 13 28 50
2006 023 00 16 45
2006 023 11 04 40
2006 023 21 52 35
2006 024 08 40 30
2006 024 19 28 25
2006 025 06 16 20
2006 025 17 04 15
2006 026 03 52 10
2006 026 14 40 05
2006 027 01 28 00
2006 027 12 15 55
2006 027 23 03 51
2006 028 09 51 46
2006 028 20 39 41
2006 029 07 27 36
2006 029 18 15 31
2006 030 05 03 27
2006 030 15 51 22
2006 031 02 39 17
2006 031 13 27 12
2006 032 00 15 08
2006 032 11 03 03
2006 032 21 50 58
2006 033 08 38 54
2006 033 19 26 49
2006 034 06 14 45
2006 034 17 02 41
2006 035 03 50 37
2006 035 14 38 33
2006 036 01 26 30
2006 036 12 14 27
2006 036 23 02 23
2006 037 09 50 20
2006 037 20 38 17
2006 038 07 26 14
2006 038 18 14 11
2006 039 05 02 08
2006 039 15 50 04
2006 040 02 38 01
2006 040 13 25 58
2006 041 00 13 54
2006 041 11 01 51
2006 041 21 49 47
2006 042 08 37 43
2006 042 19 25 40
2006 043 06 13 36
2006 043 17 01 33
2006 044 03 49 30
2006 044 14 37 27
2006 045 01 25 24
2006 045 12 13 21
2006 045 23 01 18
2006 046 09 49 16
2006 046 20 37 14
2006 047 07 25 12
2006 047 18 13 10
2006 048 05 01 08
2006 048 15 49 06
2006 049 02 37 04
2006 049 13 25 02
2006 050 00 13 01
2006 050 11 00 59
2006 050 21 48 57
2006 051 08 36 56
2006 051 19 24 54
2006 052 06 12 53
2006 052 17 00 51
2006 053 03 48 50
2006 053 14 36 48
2006 054 01 24 47
2006 054 12 12 45
2006 054 23 00 44
2006 055 09 48 42
2006 055 20 36 41
2006 056 07 24 40
2006 056 18 12 38
2006 057 05 00 37
2006 057 15 48 36
2006 058 02 36 35
2006 058 13 24 35
2006 059 00 12 34
2006 059 11 00 34
2006 059 21 48 34
2006 060 08 36 34
2006 060 19 24 34
2006 061 06 12 35
2006 061 17 00 36
2006 062 03 48 37
2006 062 14 36 38
2006 063 01 24 39
2006 063 12 12 41
2006 063 23 00 42
2006 064 09 48 44
2006 064 20 36 46
2006 065 07 24 47
2006 065 18 12 49
2006 066 05 00 51
2006 066 15 48 53
2006 067 02 36 54
2006 067 13 24 56
2006 068 00 12 59
2006 068 11 01 01
2006 068 21 49 04
2006 069 08 37 06
2006 069 19 25 10
2006 070 06 13 13
2006 070 17 01 17
2006 071 03 49 20
2006 071 14 37 25
2006 072 01 25 29
2006 072 12 13 34
2006 072 23 01 38
2006 073 09 49 44
2006 073 20 37 49
2006 074 07 25 54
2006 074 18 14 00
2006 075 05 02 06
2006 075 15 50 12
2006 076 02 38 18
2006 076 13 26 24
2006 077 00 14 30
2006 077 11 02 37
2006 077 21 50 43
2006 078 08 38 50
2006 078 19 26 57
2006 079 06 15 04
2006 079 17 03 11
2006 080 03 51 18
2006 080 14 39 25
2006 081 01 27 32
2006 081 12 15 40
2006 081 23 03 47
2006 082 09 51 55
2006 082 20 40 04
2006 083 07 28 12
2006 083 18 16 22
2006 084 05 04 31
2006 084 15 52 41
2006 085 02 40 52
2006 085 13 29 03
2006 086 00 17 15
2006 086 11 05 27
2006 086 21 53 39
2006 087 08 41 52
2006 087 19 30 05
2006 088 06 18 17
2006 088 17 06 30
2006 089 03 54 43
2006 089 14 42 55
2006 090 01 31 07
2006 090 12 19 19
2006 090 23 07 31
2006 091 09 55 42
2006 091 20 43 53
2006 092 07 32 04
2006 092 18 20 15
2006 093 05 08 27
2006 093 15 56 38
2006 094 02 44 49
2006 094 13 33 01
2006 095 00 21 13
2006 095 11 09 25
2006 095 21 57 38
2006 096 08 45 51
2006 096 19 34 04
2006 097 06 22 18
2006 097 17 10 32
2006 098 03 58 46
2006 098 14 47 01
2006 099 01 35 17
2006 099 12 23 32
2006 099 23 11 48
2006 100 10 00 04
2006 100 20 48 21
2006 101 07 36 38
2006 101 18 24 55
2006 102 05 13 12
2006 102 16 01 29
2006 103 02 49 46
2006 103 13 38 03
2006 104 00 26 20
2006 104 11 14 37
2006 104 22 02 54
2006 105 08 51 10
2006 105 19 39 26
2006 106 06 27 41
2006 106 17 15 57
2006 107 04 04 13
2006 107 14 52 28
2006 108 01 40 44
2006 108 12 29 00
2006 108 23 17 17
2006 109 10 05 34
2006 109 20 53 51
2006 110 07 42 09
2006 110 18 30 28
2006 111 05 18 47
2006 111 16 07 07
2006 112 02 55 26
2006 112 13 43 47
2006 113 00 32 07
2006 113 11 20 27
2006 113 22 08 48
2006 114 08 57 08
2006 114 19 45 29
2006 115 06 33 49
2006 115 17 22 09
2006 116 04 10 29
2006 116 14 58 49
2006 117 01 47 08
2006 117 12 35 28
2006 117 23 23 48
2006 118 10 12 09
2006 118 21 00 30
2006 119 07 48 51
2006 119 18 37 13
2006 120 05 25 35
2006 120 16 13 58
2006 121 03 02 21
2006 121 13 50 45
2006 122 00 39 09
2006 122 11 27 33
2006 122 22 15 58
2006 123 09 04 22
2006 123 19 52 46
2006 124 06 41 10
2006 124 17 29 33
2006 125 04 17 56
2006 125 15 06 19
2006 126 01 54 41
2006 126 12 43 03
2006 126 23 31 25
2006 127 10 19 47
2006 127 21 08 09
2006 128 07 56 31
2006 128 18 44 54
2006 129 05 33 17
2006 129 16 21 41
2006 130 03 10 05
2006 130 13 58 31
2006 131 00 46 56
2006 131 11 35 23
2006 131 22 23 50
2006 132 09 12 17
2006 132 20 00 44
2006 133 06 49 11
2006 133 17 37 39
2006 134 04 26 06
2006 134 15 14 32
2006 135 02 02 59
2006 135 12 51 24
2006 135 23 39 50
2006 136 10 28 15
2006 136 21 16 40
2006 137 08 05 05
2006 137 18 53 30
2006 138 05 41 55
2006 138 16 30 20
2006 139 03 18 47
2006 139 14 07 13
2006 140 00 55 41
2006 140 11 44 09
2006 140 22 32 38
2006 141 09 21 08
2006 141 20 09 38
2006 142 06 58 08
2006 142 17 46 39
2006 143 04 35 10
2006 143 15 23 40
2006 144 02 12 11
2006 144 13 00 42
2006 144 23 49 12
2006 145 10 37 42
2006 145 21 26 11
2006 146 08 14 41
2006 146 19 03 10
2006 147 05 51 39
2006 147 16 40 07
2006 148 03 28 36
2006 148 14 17 05
2006 149 01 05 35
2006 149 11 54 04
2006 149 22 42 34
2006 150 09 31 05
2006 150 20 19 35
2006 151 07 08 07
2006 151 17 56 39
2006 152 04 45 11
2006 152 15 33 43
2006 153 02 22 16
2006 153 13 10 49
2006 153 23 59 23
2006 154 10 47 57
2006 154 21 36 31
2006 155 08 25 06
2006 155 19 13 40
2006 156 06 02 16
2006 156 16 50 51
2006 157 03 39 27
2006 157 14 28 03
2006 158 01 16 39
2006 158 12 05 16
2006 158 22 53 54
2006 159 09 42 31
2006 159 20 31 10
2006 160 07 19 48
2006 160 18 08 28
2006 161 04 57 07
2006 161 15 45 47
2006 162 02 34 28
2006 162 13 23 09
2006 163 00 11 50
2006 163 11 00 32
2006 163 21 49 15
2006 164 08 37 57
2006 164 19 26 41
2006 165 06 15 24
2006 165 17 04 08
2006 166 03 52 53
2006 166 14 41 38
2006 167 01 30 23
2006 167 12 19 09
2006 167 23 07 56
2006 168 09 56 43
2006 168 20 45 30
2006 169 07 34 18
2006 169 18 23 07
2006 170 05 11 56
2006 170 16 00 45
2006 171 02 49 35
2006 171 13 38 26
2006 172 00 27 17
2006 172 11 16 08
2006 172 22 05 00
2006 173 08 53 52
2006 173 19 42 45
2006 174 06 31 38
2006 174 17 20 31
2006 175 04 09 25
2006 175 14 58 19
2006 176 01 47 13
2006 176 12 36 08
2006 176 23 25 03
2006 177 10 13 58
2006 177 21 02 54
2006 178 07 51 51
2006 178 18 40 48
2006 179 05 29 46
2006 179 16 18 45
2006 180 03 07 45
2006 180 13 56 45
2006 181 00 45 46
2006 181 11 34 48
2006 181 22 23 50
2006 182 09 12 53
2006 182 20 01 57
2006 183 06 51 01
2006 183 17 40 06
2006 184 04 29 12
2006 184 15 18 18
2006 185 02 07 24
2006 185 12 56 31
2006 185 23 45 38
2006 186 10 34 45
2006 186 21 23 53
2006 187 08 13 02
2006 187 19 02 11
2006 188 05 51 20
2006 188 16 40 30
2006 189 03 29 41
2006 189 14 18 52
2006 190 01 08 03
2006 190 11 57 16
2006 190 22 46 28
2006 191 09 35 42
2006 191 20 24 56
2006 192 07 14 10
2006 192 18 03 25
2006 193 04 52 41
2006 193 15 41 57
2006 194 02 31 14
2006 194 13 20 31
2006 195 00 09 49
2006 195 10 59 07
2006 195 21 48 26
2006 196 08 37 45
2006 196 19 27 05
2006 197 06 16 25
2006 197 17 05 46
2006 198 03 55 07
2006 198 14 44 28
2006 199 01 33 49
2006 199 12 23 11
2006 199 23 12 33
2006 200 10 01 55
2006 200 20 51 18
2006 201 07 40 40
2006 201 18 30 03
2006 202 05 19 26
2006 202 16 08 50
2006 203 02 58 14
2006 203 13 47 38
2006 204 00 37 03
2006 204 11 26 27
2006 204 22 15 53
2006 205 09 05 19
2006 205 19 54 45
2006 206 06 44 12
2006 206 17 33 39
2006 207 04 23 07
2006 207 15 12 35
2006 208 02 02 03
2006 208 12 51 32
2006 208 23 41 01
2006 209 10 30 31
2006 209 21 20 01
2006 210 08 09 32
2006 210 18 59 03
2006 211 05 48 34
2006 211 16 38 06
2006 212 03 27 38
2006 212 14 17 10
2006 213 01 06 43
2006 213 11 56 16
2006 213 22 45 49
2006 214 09 35 22
2006 214 20 24 55
2006 215 07 14 29
2006 215 18 04 03
2006 216 04 53 37
2006 216 15 43 11
2006 217 02 32 45
2006 217 13 22 20
2006 218 00 11 55
2006 218 11 01 30
2006 218 21 51 06
2006 219 08 40 42
2006 219 19 30 18
2006 220 06 19 55
2006 220 17 09 32
2006 221 03 59 09
2006 221 14 48 47
2006 222 01 38 24
2006 222 12 28 02
2006 222 23 17 40
2006 223 10 07 17
2006 223 20 56 55
2006 224 07 46 32
2006 224 18 36 10
2006 225 05 25 46
2006 225 16 15 23
2006 226 03 04 59
2006 226 13 54 35
2006 227 00 44 11
2006 227 11 33 48
2006 227 22 23 24
2006 228 09 13 00
2006 228 20 02 37
2006 229 06 52 14
2006 229 17 41 51
2006 230 04 31 29
2006 230 15 21 07
2006 231 02 10 46
2006 231 13 00 25
2006 231 23 50 05
2006 232 10 39 45
2006 232 21 29 25
2006 233 08 19 04
2006 233 19 08 44
2006 234 05 58 24
2006 234 16 48 04
2006 235 03 37 43
2006 235 14 27 23
2006 236 01 17 02
2006 236 12 06 40
2006 236 22 56 19
2006 237 09 45 57
2006 237 20 35 36
2006 238 07 25 14
2006 238 18 14 53
2006 239 05 04 31
2006 239 15 54 10
2006 240 02 43 49
2006 240 13 33 28
2006 241 00 23 07
2006 241 11 12 47
2006 241 22 02 26
2006 242 08 52 05
2006 242 19 41 44
2006 243 06 31 23
2006 243 17 21 01
2006 244 04 10 39
2006 244 15 00 17
2006 245 01 49 54
2006 245 12 39 30
2006 245 23 29 06
2006 246 10 18 42
2006 246 21 08 17
2006 247 07 57 52
2006 247 18 47 26
2006 248 05 37 01
2006 248 16 26 35
2006 249 03 16 09
2006 249 14 05 44
2006 250 00 55 18
2006 250 11 44 53
2006 250 22 34 28
2006 251 09 24 03
2006 251 20 13 38
2006 252 07 03 13
2006 252 17 52 48
2006 253 04 42 22
2006 253 15 31 57
2006 254 02 21 31
2006 254 13 11 05
2006 255 00 00 39
2006 255 10 50 13
2006 255 21 39 46
2006 256 08 29 18
2006 256 19 18 51
2006 257 06 08 23
2006 257 16 57 55
2006 258 03 47 27
2006 258 14 36 59
2006 259 01 26 31
2006 259 12 16 04
2006 259 23 05 36
2006 260 09 55 08
2006 260 20 44 40
2006 261 07 34 13
2006 261 18 23 45
2006 262 05 13 17
2006 262 16 02 49
2006 263 02 52 21
2006 263 13 41 52
2006 264 00 31 22
2006 264 11 20 52
2006 264 22 10 21
2006 265 08 59 50
2006 265 19 49 17
2006 266 06 38 44
2006 266 17 28 11
2006 267 04 17 37
2006 267 15 07 03
2006 268 01 56 28
2006 268 12 45 53
2006 268 23 35 19
2006 269 10 24 44
2006 269 21 14 09
2006 270 08 03 35
2006 270 18 53 01
2006 271 05 42 26
2006 271 16 31 52
2006 272 03 21 18
2006 272 14 10 44
2006 273 01 00 10
2006 273 11 49 35
2006 273 22 39 00
2006 274 09 28 25
2006 274 20 17 49
2006 275 07 07 13
2006 275 17 56 37
2006 276 04 46 00
2006 276 15 35 22
2006 277 02 24 44
2006 277 13 14 06
2006 278 00 03 28
2006 278 10 52 49
2006 278 21 42 10
2006 279 08 31 31
2006 279 19 20 52
2006 280 06 10 12
2006 280 16 59 33
2006 281 03 48 53
2006 281 14 38 14
2006 282 01 27 34
2006 282 12 16 54
2006 282 23 06 13
2006 283 09 55 33
2006 283 20 44 52
2006 284 07 34 10
2006 284 18 23 29
2006 285 05 12 46
2006 285 16 02 04
2006 286 02 51 21
2006 286 13 40 38
2006 287 00 29 55
2006 287 11 19 11
2006 287 22 08 27
2006 288 08 57 43
2006 288 19 46 59
2006 289 06 36 14
2006 289 17 25 30
2006 290 04 14 46
2006 290 15 04 01
2006 291 01 53 17
2006 291 12 42 33
2006 291 23 31 48
2006 292 10 21 03
2006 292 21 10 19
2006 293 07 59 34
2006 293 18 48 49
2006 294 05 38 04
2006 294 16 27 19
2006 295 03 16 33
2006 295 14 05 47
2006 296 00 55 01
2006 296 11 44 15
2006 296 22 33 29
2006 297 09 22 43
2006 297 20 11 57
2006 298 07 01 10
2006 298 17 50 24
2006 299 04 39 38
2006 299 15 28 52
2006 300 02 18 06
2006 300 13 07 19
2006 300 23 56 34
2006 301 10 45 48
2006 301 21 35 02
2006 302 08 24 15
2006 302 19 13 29
2006 303 06 02 43
2006 303 16 51 56
2006 304 03 41 09
2006 304 14 30 22
2006 305 01 19 34
2006 305 12 08 46
2006 305 22 57 57
2006 306 09 47 09
2006 306 20 36 20
2006 307 07 25 30
2006 307 18 14 41
2006 308 05 03 52
2006 308 15 53 03
2006 309 02 42 13
2006 309 13 31 25
2006 310 00 20 36
2006 310 11 09 47
2006 310 21 58 59
2006 311 08 48 11
2006 311 19 37 24
2006 312 06 26 36
2006 312 17 15 49
2006 313 04 05 01
2006 313 14 54 14
2006 314 01 43 27
2006 314 12 32 40
2006 314 23 21 52
2006 315 10 11 05
2006 315 21 00 18
2006 316 07 49 30
2006 316 18 38 42
2006 317 05 27 55
2006 317 16 17 07
2006 318 03 06 18
2006 318 13 55 30
2006 319 00 44 42
2006 319 11 33 53
2006 319 22 23 04
2006 320 09 12 14
2006 320 20 01 25
2006 321 06 50 35
2006 321 17 39 45
2006 322 04 28 55
2006 322 15 18 05
2006 323 02 07 16
2006 323 12 56 26
2006 323 23 45 37
2006 324 10 34 48
2006 324 21 24 00
2006 325 08 13 12
2006 325 19 02 25
2006 326 05 51 38
2006 326 16 40 51
2006 327 03 30 04
2006 327 14 19 18
2006 328 01 08 32
2006 328 11 57 46
2006 328 22 46 59
2006 329 09 36 13
2006 329 20 25 26
2006 330 07 14 39
2006 330 18 03 52
2006 331 04 53 05
2006 331 15 42 17
2006 332 02 31 29
2006 332 13 20 42
2006 333 00 09 54
2006 333 10 59 07
2006 333 21 48 20
2006 334 08 37 33
2006 334 19 26 47
2006 335 06 16 01
2006 335 17 05 16
2006 336 03 54 31
2006 336 14 43 46
2006 337 01 33 02
2006 337 12 22 18
2006 337 23 11 34
2006 338 10 00 50
2006 338 20 50 06
2006 339 07 39 22
2006 339 18 28 37
2006 340 05 17 52
2006 340 16 07 07
2006 341 02 56 22
2006 341 13 45 37
2006 342 00 34 51
2006 342 11 24 06
2006 342 22 13 20
2006 343 09 02 35
2006 343 19 51 50
2006 344 06 41 06
2006 344 17 30 21
2006 345 04 19 37
2006 345 15 08 54
2006 346 01 58 11
2006 346 12 47 29
2006 346 23 36 46
2006 347 10 26 04
2006 347 21 15 22
2006 348 08 04 40
2006 348 18 53 57
2006 349 05 43 15
2006 349 16 32 32
2006 350 03 21 49
2006 350 14 11 05
2006 351 01 00 22
2006 351 11 49 37
2006 351 22 38 53
2006 352 09 28 08
2006 352 20 17 24
2006 353 07 06 39
2006 353 17 55 55
2006 354 04 45 11
2006 354 15 34 27
2006 355 02 23 43
2006 355 13 13 00
2006 356 00 02 17
2006 356 10 51 34
2006 356 21 40 51
2006 357 08 30 09
2006 357 19 19 27
2006 358 06 08 45
2006 358 16 58 02
2006 359 03 47 20
2006 359 14 36 38
2006 360 01 25 56
2006 360 12 15 13
2006 360 23 04 31
2006 361 09 53 48
2006 361 20 43 06
2006 362 07 32 23
2006 362 18 21 40
2006 363 05 10 58
2006 363 16 00 15
2006 364 02 49 33
2006 364 13 38 50
2006 365 00 28 08
2006 365 11 17 25
2006 365 22 06 43
2007 001 08 56 01
2007 001 19 45 19
2007 002 06 34 37
2007 002 17 23 55
2007 003 04 13 14
2007 003 15 02 32
2007 004 01 51 50
2007 004 12 41 08
2007 004 23 30 26
2007 005 10 19 43
2007 005 21 09 01
2007 006 07 58 19
2007 006 18 47 36
2007 007 05 36 54
2007 007 16 26 11
2007 008 03 15 28
2007 008 14 04 45
2007 009 00 54 02
2007 009 11 43 19
2007 009 22 32 36
2007 010 09 21 52
2007 010 20 11 09
2007 011 07 00 25
2007 011 17 49 41
2007 012 04 38 58
2007 012 15 28 14
2007 013 02 17 30
2007 013 13 06 46
2007 013 23 56 03
2007 014 10 45 19
2007 014 21 34 35
2007 015 08 23 52
2007 015 19 13 08
2007 016 06 02 25
2007 016 16 51 42
2007 017 03 40 59
2007 017 14 30 15
2007 018 01 19 32
2007 018 12 08 49
2007 018 22 58 06
2007 019 09 47 22
2007 019 20 36 39
2007 020 07 25 55
2007 020 18 15 12
2007 021 05 04 28
2007 021 15 53 45
2007 022 02 43 01
2007 022 13 32 18
2007 023 00 21 35
2007 023 11 10 52
2007 023 22 00 09
2007 024 08 49 26
2007 024 19 38 44
2007 025 06 28 02
2007 025 17 17 20
2007 026 04 06 39
2007 026 14 55 58
2007 027 01 45 17
2007 027 12 34 36
2007 027 23 23 55
2007 028 10 13 13
2007 028 21 02 32
2007 029 07 51 50
2007 029 18 41 08
2007 030 05 30 25
2007 030 16 19 42
2007 031 03 08 58
2007 031 13 58 15
2007 032 00 47 30
2007 032 11 36 46
2007 032 22 26 01
2007 033 09 15 16
2007 033 20 04 31
2007 034 06 53 45
2007 034 17 43 00
2007 035 04 32 15
2007 035 15 21 30
2007 036 02 10 44
2007 036 12 59 59
2007 036 23 49 14
2007 037 10 38 30
2007 037 21 27 45
2007 038 08 17 01
2007 038 19 06 16
2007 039 05 55 32
2007 039 16 44 49
2007 040 03 34 05
2007 040 14 23 22
2007 041 01 12 39
2007 041 12 01 56
2007 041 22 51 13
2007 042 09 40 30
2007 042 20 29 46
2007 043 07 19 03
2007 043 18 08 18
2007 044 04 57 34
2007 044 15 46 48
2007 045 02 36 02
2007 045 13 25 16
2007 046 00 14 28
2007 046 11 03 40
2007 046 21 52 52
2007 047 08 42 03
2007 047 19 31 13
2007 048 06 20 24
2007 048 17 09 34
2007 049 03 58 45
2007 049 14 47 55
2007 050 01 37 05
2007 050 12 26 16
2007 050 23 15 27
2007 051 10 04 38
2007 051 20 53 49
2007 052 07 43 01
2007 052 18 32 13
2007 053 05 21 25
2007 053 16 10 38
2007 054 02 59 51
2007 054 13 49 04
2007 055 00 38 18
2007 055 11 27 32
2007 055 22 16 46
2007 056 09 06 01
2007 056 19 55 16
2007 057 06 44 31
2007 057 17 33 47
2007 058 04 23 03
2007 058 15 12 19
2007 059 02 01 36
2007 059 12 50 52
2007 059 23 40 09
2007 060 10 29 26
2007 060 21 18 44
2007 061 08 08 01
2007 061 18 57 19
2007 062 05 46 37
2007 062 16 35 54
2007 063 03 25 12
2007 063 14 14 31
2007 064 01 03 49
2007 064 11 53 07
2007 064 22 42 25
2007 065 09 31 44
2007 065 20 21 02
2007 066 07 10 21
2007 066 17 59 39
2007 067 04 48 58
2007 067 15 38 17
2007 068 02 27 36
2007 068 13 16 55
2007 069 00 06 15
2007 069 10 55 34
2007 069 21 44 54
2007 070 08 34 15
2007 070 19 23 35
2007 071 06 12 56
2007 071 17 02 17
2007 072 03 51 38
2007 072 14 41 00
2007 073 01 30 21
2007 073 12 19 43
2007 073 23 09 05
2007 074 09 58 28
2007 074 20 47 50
2007 075 07 37 13
2007 075 18 26 35
2007 076 05 15 58
2007 076 16 05 21
2007 077 02 54 44
2007 077 13 44 08
2007 078 00 33 31
2007 078 11 22 55
2007 078 22 12 19
2007 079 09 01 43
2007 079 19 51 07
2007 080 06 40 32
2007 080 17 29 57
2007 081 04 19 22
2007 081 15 08 48
2007 082 01 58 14
2007 082 12 47 40
2007 082 23 37 07
2007 083 10 26 35
2007 083 21 16 03
2007 084 08 05 32
2007 084 18 55 01
2007 085 05 44 31
2007 085 16 34 02
2007 086 03 23 34
2007 086 14 13 06
2007 087 01 02 39
2007 087 11 52 12
2007 087 22 41 46
2007 088 09 31 21
2007 088 20 20 56
2007 089 07 10 32
2007 089 18 00 09
2007 090 04 49 45
2007 090 15 39 23
2007 091 02 29 01
2007 091 13 18 39
2007 092 00 08 17
2007 092 10 57 56
2007 092 21 47 34
2007 093 08 37 13
2007 093 19 26 52
2007 094 06 16 30
2007 094 17 06 09
2007 095 03 55 47
2007 095 14 45 25
2007 096 01 35 02
2007 096 12 24 39
2007 096 23 14 16
2007 097 10 03 52
2007 097 20 53 28
2007 098 07 43 02
2007 098 18 32 36
2007 099 05 22 10
2007 099 16 11 42
2007 100 03 01 14
2007 100 13 50 44
2007 101 00 40 14
2007 101 11 29 44
2007 101 22 19 14
2007 102 09 08 44
2007 102 19 58 15
2007 103 06 47 47
2007 103 17 37 20
2007 104 04 26 54
2007 104 15 16 30
2007 105 02 06 08
2007 105 12 55 49
2007 105 23 45 32
2007 106 10 35 17
2007 106 21 25 03
2007 107 08 14 51
2007 107 19 04 41
2007 108 05 54 32
2007 108 16 44 24
2007 109 03 34 17
2007 109 14 24 11
2007 110 01 14 06
2007 110 12 04 01
2007 110 22 53 57
2007 111 09 43 53
2007 111 20 33 49
2007 112 07 23 45
2007 112 18 13 41
2007 113 05 03 37
2007 113 15 53 32
2007 114 02 43 28
2007 114 13 33 23
2007 115 00 23 17
2007 115 11 13 11
2007 115 22 03 04
2007 116 08 52 56
2007 116 19 42 48
2007 117 06 32 40
2007 117 17 22 32
2007 118 04 12 23
2007 118 15 02 14
2007 119 01 52 05
2007 119 12 41 56
2007 119 23 31 47
2007 120 10 21 38
2007 120 21 11 29
2007 121 08 01 21
2007 121 18 51 13
2007 122 05 41 06
2007 122 16 31 00
2007 123 03 20 55
2007 123 14 10 51
2007 124 01 00 48
2007 124 11 50 47
2007 124 22 40 47
2007 125 09 30 49
2007 125 20 20 53
2007 126 07 10 58
2007 126 18 01 04
2007 127 04 51 11
2007 127 15 41 18
2007 128 02 31 26
2007 128 13 21 34
2007 129 00 11 42
2007 129 11 01 50
2007 129 21 51 57
2007 130 08 42 03
2007 130 19 32 09
2007 131 06 22 14
2007 131 17 12 19
2007 132 04 02 23
2007 132 14 52 26
2007 133 01 42 30
2007 133 12 32 34
2007 133 23 22 38
2007 134 10 12 41
2007 134 21 02 46
2007 135 07 52 51
2007 135 18 42 56
2007 136 05 33 01
2007 136 16 23 07
2007 137 03 13 14
2007 137 14 03 20
2007 138 00 53 27
2007 138 11 43 35
2007 138 22 33 42
2007 139 09 23 50
2007 139 20 13 58
2007 140 07 04 06
2007 140 17 54 14
2007 141 04 44 22
2007 141 15 34 30
2007 142 02 24 38
2007 142 13 14 47
2007 143 00 04 55
2007 143 10 55 04
2007 143 21 45 13
2007 144 08 35 21
2007 144 19 25 30
2007 145 06 15 39
2007 145 17 05 48
2007 146 03 55 57
2007 146 14 46 06
2007 147 01 36 15
2007 147 12 26 24
2007 147 23 16 33
2007 148 10 06 42
2007 148 20 56 51
2007 149 07 47 00
2007 149 18 37 09
2007 150 05 27 18
2007 150 16 17 27
2007 151 03 07 36
2007 151 13 57 45
2007 152 00 47 54
2007 152 11 38 03
2007 152 22 28 13
2007 153 09 18 23
2007 153 20 08 33
2007 154 06 58 43
2007 154 17 48 54
2007 155 04 39 06
2007 155 15 29 17
2007 156 02 19 29
2007 156 13 09 41
2007 156 23 59 54
2007 157 10 50 06
2007 157 21 40 19
2007 158 08 30 31
2007 158 19 20 43
2007 159 06 10 55
2007 159 17 01 06
2007 160 03 51 17
2007 160 14 41 27
2007 161 01 31 37
2007 161 12 21 46
2007 161 23 11 56
2007 162 10 02 05
2007 162 20 52 15
2007 163 07 42 24
2007 163 18 32 34
2007 164 05 22 44
2007 164 16 12 55
2007 165 03 03 07
2007 165 13 53 19
2007 166 00 43 32
2007 166 11 33 45
2007 166 22 23 58
2007 167 09 14 11
2007 167 20 04 24
2007 168 06 54 37
2007 168 17 44 49
2007 169 04 35 01
2007 169 15 25 12
2007 170 02 15 22
2007 170 13 05 31
2007 170 23 55 39
2007 171 10 45 46
2007 171 21 35 53
2007 172 08 25 59
2007 172 19 16 05
2007 173 06 06 11
2007 173 16 56 18
2007 174 03 46 24
2007 174 14 36 30
2007 175 01 26 38
2007 175 12 16 46
2007 175 23 06 54
2007 176 09 57 03
2007 176 20 47 12
2007 177 07 37 21
2007 177 18 27 30
2007 178 05 17 39
2007 178 16 07 47
2007 179 02 57 56
2007 179 13 48 03
2007 180 00 38 10
2007 180 11 28 16
2007 180 22 18 21
2007 181 09 08 26
2007 181 19 58 30
2007 182 06 48 34
2007 182 17 38 38
2007 183 04 28 42
2007 183 15 18 46
2007 184 02 08 50
2007 184 12 58 55
2007 184 23 49 01
2007 185 10 39 07
2007 185 21 29 15
2007 186 08 19 22
2007 186 19 09 30
2007 187 05 59 39
2007 187 16 49 47
2007 188 03 39 56
2007 188 14 30 04
2007 189 01 20 12
2007 189 12 10 19
2007 189 23 00 27
2007 190 09 50 33
2007 190 20 40 38
2007 191 07 30 43
2007 191 18 20 48
2007 192 05 10 51
2007 192 16 00 54
2007 193 02 50 55
2007 193 13 40 56
2007 194 00 30 57
2007 194 11 20 56
2007 194 22 10 55
2007 195 09 00 53
2007 195 19 50 50
2007 196 06 40 47
2007 196 17 30 43
2007 197 04 20 39
2007 197 15 10 35
2007 198 02 00 32
2007 198 12 50 28
2007 198 23 40 25
2007 199 10 30 23
2007 199 21 20 21
2007 200 08 10 20
2007 200 19 00 20
2007 201 05 50 21
2007 201 16 40 22
2007 202 03 30 23
2007 202 14 20 24
2007 203 01 10 25
2007 203 12 00 25
2007 203 22 50 25
2007 204 09 40 24
2007 204 20 30 21
2007 205 07 20 18
2007 205 18 10 13
2007 206 05 00 07
2007 206 15 50 00
2007 207 02 39 52
2007 207 13 29 44
2007 208 00 19 36
2007 208 11 09 27
2007 208 21 59 19
2007 209 08 49 11
2007 209 19 39 03
2007 210 06 28 56
2007 210 17 18 50
2007 211 04 08 45
2007 211 14 58 39
2007 212 01 48 34
2007 212 12 38 29
2007 212 23 28 24
2007 213 10 18 18
2007 213 21 08 12
2007 214 07 58 05
2007 214 18 47 57
2007 215 05 37 48
2007 215 16 27 38
2007 216 03 17 27
2007 216 14 07 15
2007 217 00 57 03
2007 217 11 46 50
2007 217 22 36 38
2007 218 09 26 25
2007 218 20 16 12
2007 219 07 06 00
2007 219 17 55 48
2007 220 04 45 37
2007 220 15 35 27
2007 221 02 25 17
2007 221 13 15 08
2007 222 00 04 59
2007 222 10 54 50
2007 222 21 44 40
2007 223 08 34 31
2007 223 19 24 21
2007 224 06 14 11
2007 224 17 03 59
2007 225 03 53 47
2007 225 14 43 34
2007 226 01 33 19
2007 226 12 23 04
2007 226 23 12 49
2007 227 10 02 33
2007 227 20 52 16
2007 228 07 41 59
2007 228 18 31 42
2007 229 05 21 25
2007 229 16 11 08
2007 230 03 00 51
2007 230 13 50 35
2007 231 00 40 18
2007 231 11 30 02
2007 231 22 19 46
2007 232 09 09 30
2007 232 19 59 13
2007 233 06 48 57
2007 233 17 38 40
2007 234 04 28 24
2007 234 15 18 07
2007 235 02 07 49
2007 235 12 57 31
2007 235 23 47 13
2007 236 10 36 55
2007 236 21 26 36
2007 237 08 16 17
2007 237 19 05 58
2007 238 05 55 39
2007 238 16 45 20
2007 239 03 35 01
2007 239 14 24 42
2007 240 01 14 23
2007 240 12 04 04
2007 240 22 53 46
2007 241 09 43 27
2007 241 20 33 09
2007 242 07 22 51
2007 242 18 12 33
2007 243 05 02 15
2007 243 15 51 58
2007 244 02 41 40
2007 244 13 31 22
2007 245 00 21 05
2007 245 11 10 47
2007 245 22 00 29
2007 246 08 50 12
2007 246 19 39 54
2007 247 06 29 37
2007 247 17 19 19
2007 248 04 09 02
2007 248 14 58 44
2007 249 01 48 27
2007 249 12 38 10
2007 249 23 27 52
2007 250 10 17 35
2007 250 21 07 18
2007 251 07 57 01
2007 251 18 46 44
2007 252 05 36 26
2007 252 16 26 09
2007 253 03 15 52
2007 253 14 05 34
2007 254 00 55 16
2007 254 11 44 59
2007 254 22 34 40
2007 255 09 24 22
2007 255 20 14 03
2007 256 07 03 45
2007 256 17 53 25
2007 257 04 43 06
2007 257 15 32 46
2007 258 02 22 26
2007 258 13 12 06
2007 259 00 01 46
2007 259 10 51 25
2007 259 21 41 04
2007 260 08 30 43
2007 260 19 20 21
2007 261 06 10 00
2007 261 16 59 38
2007 262 03 49 16
2007 262 14 38 53
2007 263 01 28 31
2007 263 12 18 08
2007 263 23 07 46
2007 264 09 57 23
2007 264 20 47 00
2007 265 07 36 37
2007 265 18 26 15
2007 266 05 15 52
2007 266 16 05 29
2007 267 02 55 06
2007 267 13 44 43
2007 268 00 34 20
2007 268 11 23 57
2007 268 22 13 34
2007 269 09 03 11
2007 269 19 52 48
2007 270 06 42 24
2007 270 17 32 01
2007 271 04 21 38
2007 271 15 11 15
2007 272 02 00 52
2007 272 12 50 29
2007 272 23 40 06
2007 273 10 29 44
2007 273 21 19 22
2007 274 08 09 00
2007 274 18 58 39
2007 275 05 48 18
2007 275 16 37 57
2007 276 03 27 37
2007 276 14 17 18
2007 277 01 06 59
2007 277 11 56 41
2007 277 22 46 23
2007 278 09 36 06
2007 278 20 25 49
2007 279 07 15 34
2007 279 18 05 19
2007 280 04 55 04
2007 280 15 44 50
2007 281 02 34 37
2007 281 13 24 24
2007 282 00 14 10
2007 282 11 03 56
2007 282 21 53 41
2007 283 08 43 25
2007 283 19 33 08
2007 284 06 22 49
2007 284 17 12 29
2007 285 04 02 06
2007 285 14 51 42
2007 286 01 41 15
2007 286 12 30 47
2007 286 23 20 18
2007 287 10 09 48
2007 287 20 59 17
2007 288 07 48 46
2007 288 18 38 15
2007 289 05 27 44
2007 289 16 17 14
2007 290 03 06 45
2007 290 13 56 17
2007 291 00 45 50
2007 291 11 35 23
2007 291 22 24 56
2007 292 09 14 30
2007 292 20 04 03
2007 293 06 53 36
2007 293 17 43 08
2007 294 04 32 38
2007 294 15 22 07
2007 295 02 11 35
2007 295 13 01 01
2007 295 23 50 25
2007 296 10 39 48
2007 296 21 29 10
2007 297 08 18 31
2007 297 19 07 52
2007 298 05 57 13
2007 298 16 46 34
2007 299 03 35 55
2007 299 14 25 17
2007 300 01 14 41
2007 300 12 04 05
2007 300 22 53 30
2007 301 09 42 57
2007 301 20 32 24
2007 302 07 21 51
2007 302 18 11 18
2007 303 05 00 45
2007 303 15 50 12
2007 304 02 39 38
2007 304 13 29 04
2007 305 00 18 28
2007 305 11 07 51
2007 305 21 57 13
2007 306 08 46 34
2007 306 19 35 54
2007 307 06 25 14
2007 307 17 14 34
2007 308 04 03 53
2007 308 14 53 13
2007 309 01 42 33
2007 309 12 31 53
2007 309 23 21 14
2007 310 10 10 37
2007 310 20 59 59
2007 311 07 49 23
2007 311 18 38 46
2007 312 05 28 10
2007 312 16 17 33
2007 313 03 06 57
2007 313 13 56 19
2007 314 00 45 41
2007 314 11 35 02
2007 314 22 24 22
2007 315 09 13 40
2007 315 20 02 57
2007 316 06 52 13
2007 316 17 41 28
2007 317 04 30 42
2007 317 15 19 57
2007 318 02 09 11
2007 318 12 58 25
2007 318 23 47 39
2007 319 10 36 54
2007 319 21 26 10
2007 320 08 15 27
2007 320 19 04 45
2007 321 05 54 03
2007 321 16 43 22
2007 322 03 32 40
2007 322 14 21 59
2007 323 01 11 17
2007 323 12 00 35
2007 323 22 49 52
2007 324 09 39 07
2007 324 20 28 21
2007 325 07 17 33
2007 325 18 06 44
2007 326 04 55 53
2007 326 15 45 02
2007 327 02 34 09
2007 327 13 23 16
2007 328 00 12 23
2007 328 11 01 30
2007 328 21 50 38
2007 329 08 39 45
2007 329 19 28 54
2007 330 06 18 04
2007 330 17 07 15
2007 331 03 56 27
2007 331 14 45 40
2007 332 01 34 53
2007 332 12 24 06
2007 332 23 13 19
2007 333 10 02 31
2007 333 20 51 43
2007 334 07 40 53
2007 334 18 30 03
2007 335 05 19 10
2007 335 16 08 17
2007 336 02 57 22
2007 336 13 46 26
2007 337 00 35 29
2007 337 11 24 32
2007 337 22 13 35
2007 338 09 02 39
2007 338 19 51 43
2007 339 06 40 48
2007 339 17 29 55
2007 340 04 19 03
2007 340 15 08 12
2007 341 01 57 23
2007 341 12 46 36
2007 341 23 35 49
2007 342 10 25 03
2007 342 21 14 17
2007 343 08 03 31
2007 343 18 52 45
2007 344 05 41 59
2007 344 16 31 13
2007 345 03 20 25
2007 345 14 09 37
2007 346 00 58 47
2007 346 11 47 57
2007 346 22 37 06
2007 347 09 26 14
2007 347 20 15 21
2007 348 07 04 28
2007 348 17 53 34
2007 349 04 42 39
2007 349 15 31 44
2007 350 02 20 48
2007 350 13 09 52
2007 350 23 58 56
2007 351 10 47 59
2007 351 21 37 02
2007 352 08 26 05
2007 352 19 15 08
2007 353 06 04 11
2007 353 16 53 13
2007 354 03 42 16
2007 354 14 31 19
2007 355 01 20 22
2007 355 12 09 25
2007 355 22 58 28
2007 356 09 47 32
2007 356 20 36 35
2007 357 07 25 39
2007 357 18 14 43
2007 358 05 03 47
2007 358 15 52 51
2007 359 02 41 56
2007 359 13 31 00
2007 360 00 20 05
2007 360 11 09 09
2007 360 21 58 14
2007 361 08 47 19
2007 361 19 36 25
2007 362 06 25 30
2007 362 17 14 36
2007 363 04 03 41
2007 363 14 52 47
2007 364 01 41 53
2007 364 12 31 00
2007 364 23 20 06
2007 365 10 09 13
2007 365 20 58 19
2008 001 07 47 26
2008 001 18 36 33
2008 002 05 25 40
2008 002 16 14 46
2008 003 03 03 52
2008 003 13 52 57
2008 004 00 42 02
2008 004 11 31 06
2008 004 22 20 10
2008 005 09 09 12
2008 005 19 58 14
2008 006 06 47 15
2008 006 17 36 16
2008 007 04 25 17
2008 007 15 14 18
2008 008 02 03 19
2008 008 12 52 21
2008 008 23 41 24
2008 009 10 30 27
2008 009 21 19 32
2008 010 08 08 38
2008 010 18 57 45
2008 011 05 46 53
2008 011 16 36 03
2008 012 03 25 12
2008 012 14 14 23
2008 013 01 03 33
2008 013 11 52 44
2008 013 22 41 55
2008 014 09 31 06
2008 014 20 20 16
2008 015 07 09 26
2008 015 17 58 35
2008 016 04 47 43
2008 016 15 36 52
2008 017 02 26 00
2008 017 13 15 08
2008 018 00 04 15
2008 018 10 53 23
2008 018 21 42 31
2008 019 08 31 39
2008 019 19 20 48
2008 020 06 09 57
2008 020 16 59 06
2008 021 03 48 16
2008 021 14 37 27
2008 022 01 26 38
2008 022 12 15 50
2008 022 23 05 02
2008 023 09 54 14
2008 023 20 43 28
2008 024 07 32 41
2008 024 18 21 55
2008 025 05 11 10
2008 025 16 00 25
2008 026 02 49 41
2008 026 13 38 57
2008 027 00 28 13
2008 027 11 17 30
2008 027 22 06 46
2008 028 08 56 03
2008 028 19 45 20
2008 029 06 34 38
2008 029 17 23 55
2008 030 04 13 12
2008 030 15 02 29
2008 031 01 51 46
2008 031 12 41 03
2008 031 23 30 20
2008 032 10 19 37
2008 032 21 08 55
2008 033 07 58 12
2008 033 18 47 30
2008 034 05 36 49
2008 034 16 26 08
2008 035 03 15 27
2008 035 14 04 47
2008 036 00 54 08
2008 036 11 43 29
2008 036 22 32 50
2008 037 09 22 12
2008 037 20 11 34
2008 038 07 00 57
2008 038 17 50 20
2008 039 04 39 43
2008 039 15 29 06
2008 040 02 18 29
2008 040 13 07 53
2008 040 23 57 17
2008 041 10 46 40
2008 041 21 36 04
2008 042 08 25 29
2008 042 19 14 53
2008 043 06 04 18
2008 043 16 53 43
2008 044 03 43 08
2008 044 14 32 33
2008 045 01 21 59
2008 045 12 11 25
2008 045 23 00 51
2008 046 09 50 17
2008 046 20 39 44
2008 047 07 29 11
2008 047 18 18 39
2008 048 05 08 07
2008 048 15 57 35
2008 049 02 47 04
2008 049 13 36 33
2008 050 00 26 02
2008 050 11 15 32
2008 050 22 05 02
2008 051 08 54 33
2008 051 19 44 04
2008 052 06 33 35
2008 052 17 23 06
2008 053 04 12 38
2008 053 15 02 10
2008 054 01 51 41
2008 054 12 41 13
2008 054 23 30 46
2008 055 10 20 18
2008 055 21 09 50
2008 056 07 59 22
2008 056 18 48 55
2008 057 05 38 27
2008 057 16 28 00
2008 058 03 17 33
2008 058 14 07 06
2008 059 00 56 40
2008 059 11 46 14
2008 059 22 35 49
2008 060 09 25 23
2008 060 20 14 59
2008 061 07 04 34
2008 061 17 54 10
2008 062 04 43 47
2008 062 15 33 23
2008 063 02 22 59
2008 063 13 12 36
2008 064 00 02 13
2008 064 10 51 49
2008 064 21 41 26
2008 065 08 31 02
2008 065 19 20 38
2008 066 06 10 14
2008 066 16 59 51
2008 067 03 49 27
2008 067 14 39 03
2008 068 01 28 39
2008 068 12 18 16
2008 068 23 07 53
2008 069 09 57 29
2008 069 20 47 07
2008 070 07 36 44
2008 070 18 26 22
2008 071 05 16 00
2008 071 16 05 38
2008 072 02 55 17
2008 072 13 44 56
2008 073 00 34 35
2008 073 11 24 14
2008 073 22 13 53
2008 074 09 03 32
2008 074 19 53 11
2008 075 06 42 50
2008 075 17 32 29
2008 076 04 22 08
2008 076 15 11 48
2008 077 02 01 27
2008 077 12 51 06
2008 077 23 40 45
2008 078 10 30 25
2008 078 21 20 05
2008 079 08 09 45
2008 079 18 59 25
2008 080 05 49 05
2008 080 16 38 45
2008 081 03 28 26
2008 081 14 18 07
2008 082 01 07 48
2008 082 11 57 29
2008 082 22 47 11
2008 083 09 36 52
2008 083 20 26 34
2008 084 07 16 16
2008 084 18 05 57
2008 085 04 55 39
2008 085 15 45 21
2008 086 02 35 03
2008 086 13 24 44
2008 087 00 14 26
2008 087 11 04 08
2008 087 21 53 50
2008 088 08 43 32
2008 088 19 33 14
2008 089 06 22 56
2008 089 17 12 38
2008 090 04 02 20
2008 090 14 52 02
2008 091 01 41 45
2008 091 12 31 27
2008 091 23 21 09
2008 092 10 10 52
2008 092 21 00 34
2008 093 07 50 17
2008 093 18 40 00
2008 094 05 29 44
2008 094 16 19 27
2008 095 03 09 11
2008 095 13 58 55
2008 096 00 48 39
2008 096 11 38 24
2008 096 22 28 08
2008 097 09 17 53
2008 097 20 07 38
2008 098 06 57 23
2008 098 17 47 08
2008 099 04 36 54
2008 099 15 26 39
2008 100 02 16 24
2008 100 13 06 09
2008 100 23 55 54
2008 101 10 45 40
2008 101 21 35 25
2008 102 08 25 10
2008 102 19 14 55
2008 103 06 04 40
2008 103 16 54 26
2008 104 03 44 11
2008 104 14 33 56
2008 105 01 23 42
2008 105 12 13 27
2008 105 23 03 13
2008 106 09 52 58
2008 106 20 42 44
2008 107 07 32 29
2008 107 18 22 15
2008 108 05 12 01
2008 108 16 01 47
2008 109 02 51 32
2008 109 13 41 18
2008 110 00 31 04
2008 110 11 20 49
2008 110 22 10 35
2008 111 09 00 20
2008 111 19 50 06
2008 112 06 39 51
2008 112 17 29 36
2008 113 04 19 21
2008 113 15 09 05
2008 114 01 58 50
2008 114 12 48 34
2008 114 23 38 17
2008 115 10 28 01
2008 115 21 17 44
2008 116 08 07 26
2008 116 18 57 08
2008 117 05 46 50
2008 117 16 36 32
2008 118 03 26 13
2008 118 14 15 54
2008 119 01 05 34
2008 119 11 55 15
2008 119 22 44 55
2008 120 09 34 34
2008 120 20 24 14
2008 121 07 13 53
2008 121 18 03 32
2008 122 04 53 10
2008 122 15 42 49
2008 123 02 32 27
2008 123 13 22 05
2008 124 00 11 43
2008 124 11 01 20
2008 124 21 50 58
2008 125 08 40 35
2008 125 19 30 12
2008 126 06 19 49
2008 126 17 09 26
2008 127 03 59 02
2008 127 14 48 39
2008 128 01 38 15
2008 128 12 27 52
2008 128 23 17 28
2008 129 10 07 04
2008 129 20 56 40
2008 130 07 46 16
2008 130 18 35 52
2008 131 05 25 27
2008 131 16 15 03
2008 132 03 04 38
2008 132 13 54 13
2008 133 00 43 47
2008 133 11 33 22
2008 133 22 22 56
2008 134 09 12 29
2008 134 20 02 03
2008 135 06 51 36
2008 135 17 41 08
2008 136 04 30 40
2008 136 15 20 12
2008 137 02 09 43
2008 137 12 59 14
2008 137 23 48 44
2008 138 10 38 15
2008 138 21 27 45
2008 139 08 17 14
2008 139 19 06 44
2008 140 05 56 13
2008 140 16 45 42
2008 141 03 35 11
2008 141 14 24 39
2008 142 01 14 08
2008 142 12 03 36
2008 142 22 53 04
2008 143 09 42 32
2008 143 20 32 00
2008 144 07 21 28
2008 144 18 10 56
2008 145 05 00 24
2008 145 15 49 52
2008 146 02 39 20
2008 146 13 28 48
2008 147 00 18 16
2008 147 11 07 44
2008 147 21 57 12
2008 148 08 46 40
2008 148 19 36 07
2008 149 06 25 35
2008 149 17 15 03
2008 150 04 04 31
2008 150 14 53 58
2008 151 01 43 26
2008 151 12 32 54
2008 151 23 22 21
2008 152 10 11 48
2008 152 21 01 15
2008 153 07 50 42
2008 153 18 40 09
2008 154 05 29 36
2008 154 16 19 02
2008 155 03 08 28
2008 155 13 57 54
2008 156 00 47 19
2008 156 11 36 44
2008 156 22 26 08
2008 157 09 15 32
2008 157 20 04 56
2008 158 06 54 18
2008 158 17 43 41
2008 159 04 33 02
2008 159 15 22 23
2008 160 02 11 43
2008 160 13 01 02
2008 160 23 50 20
2008 161 10 39 38
2008 161 21 28 56
2008 162 08 18 13
2008 162 19 07 31
2008 163 05 56 50
2008 163 16 46 08
2008 164 03 35 28
2008 164 14 24 48
2008 165 01 14 10
2008 165 12 03 32
2008 165 22 52 56
2008 166 09 42 20
2008 166 20 31 45
2008 167 07 21 10
2008 167 18 10 35
2008 168 04 59 59
2008 168 15 49 23
2008 169 02 38 46
2008 169 13 28 08
2008 170 00 17 28
2008 170 11 06 46
2008 170 21 56 04
2008 171 08 45 20
2008 171 19 34 35
2008 172 06 23 49
2008 172 17 13 03
2008 173 04 02 17
2008 173 14 51 32
2008 174 01 40 46
2008 174 12 30 01
2008 174 23 19 17
2008 175 10 08 35
2008 175 20 57 53
2008 176 07 47 12
2008 176 18 36 31
2008 177 05 25 50
2008 177 16 15 10
2008 178 03 04 29
2008 178 13 53 47
2008 179 00 43 05
2008 179 11 32 21
2008 179 22 21 36
2008 180 09 10 50
2008 180 20 00 01
2008 181 06 49 12
2008 181 17 38 22
2008 182 04 27 31
2008 182 15 16 40
2008 183 02 05 48
2008 183 12 54 57
2008 183 23 44 06
2008 184 10 33 15
2008 184 21 22 26
2008 185 08 11 37
2008 185 19 00 50
2008 186 05 50 03
2008 186 16 39 17
2008 187 03 28 31
2008 187 14 17 44
2008 188 01 06 58
2008 188 11 56 11
2008 188 22 45 23
2008 189 09 34 33
2008 189 20 23 43
2008 190 07 12 51
2008 190 18 01 57
2008 191 04 51 02
2008 191 15 40 05
2008 192 02 29 09
2008 192 13 18 11
2008 193 00 07 14
2008 193 10 56 17
2008 193 21 45 20
2008 194 08 34 25
2008 194 19 23 30
2008 195 06 12 36
2008 195 17 01 44
2008 196 03 50 53
2008 196 14 40 03
2008 197 01 29 13
2008 197 12 18 23
2008 197 23 07 32
2008 198 09 56 41
2008 198 20 45 49
2008 199 07 34 56
2008 199 18 24 01
2008 200 05 13 04
2008 200 16 02 05
2008 201 02 51 05
2008 201 13 40 03
2008 202 00 29 01
2008 202 11 17 57
2008 202 22 06 54
2008 203 08 55 50
2008 203 19 44 47
2008 204 06 33 45
2008 204 17 22 43
2008 205 04 11 43
2008 205 15 00 45
2008 206 01 49 47
2008 206 12 38 51
2008 206 23 27 55
2008 207 10 16 59
2008 207 21 06 04
2008 208 07 55 08
2008 208 18 44 12
2008 209 05 33 15
2008 209 16 22 17
2008 210 03 11 17
2008 210 14 00 17
2008 211 00 49 15
2008 211 11 38 11
2008 211 22 27 07
2008 212 09 16 03
2008 212 20 04 57
2008 213 06 53 52
2008 213 17 42 46
2008 214 04 31 41
2008 214 15 20 35
2008 215 02 09 31
2008 215 12 58 26
2008 215 23 47 23
2008 216 10 36 19
2008 216 21 25 17
2008 217 08 14 14
2008 217 19 03 11
2008 218 05 52 09
2008 218 16 41 07
2008 219 03 30 04
2008 219 14 19 01
2008 220 01 07 58
2008 220 11 56 55
2008 220 22 45 51
2008 221 09 34 47
2008 221 20 23 43
2008 222 07 12 38
2008 222 18 01 33
2008 223 04 50 28
2008 223 15 39 22
2008 224 02 28 16
2008 224 13 17 09
2008 225 00 06 03
2008 225 10 54 56
2008 225 21 43 48
2008 226 08 32 41
2008 226 19 21 34
2008 227 06 10 26
2008 227 16 59 19
2008 228 03 48 12
2008 228 14 37 06
2008 229 01 26 00
2008 229 12 14 54
2008 229 23 03 49
2008 230 09 52 45
2008 230 20 41 41
2008 231 07 30 37
2008 231 18 19 34
2008 232 05 08 32
2008 232 15 57 29
2008 233 02 46 26
2008 233 13 35 23
2008 234 00 24 19
2008 234 11 13 16
2008 234 22 02 11
2008 235 08 51 06
2008 235 19 40 00
2008 236 06 28 54
2008 236 17 17 47
2008 237 04 06 41
2008 237 14 55 34
2008 238 01 44 27
2008 238 12 33 21
2008 238 23 22 15
2008 239 10 11 09
2008 239 21 00 04
2008 240 07 49 00
2008 240 18 37 57
2008 241 05 26 54
2008 241 16 15 52
2008 242 03 04 51
2008 242 13 53 49
2008 243 00 42 48
2008 243 11 31 47
2008 243 22 20 45
2008 244 09 09 44
2008 244 19 58 41
2008 245 06 47 38
2008 245 17 36 35
2008 246 04 25 31
2008 246 15 14 27
2008 247 02 03 23
2008 247 12 52 19
2008 247 23 41 15
2008 248 10 30 11
2008 248 21 19 08
2008 249 08 08 05
2008 249 18 57 02
2008 250 05 46 01
2008 250 16 35 00
2008 251 03 24 00
2008 251 14 13 01
2008 252 01 02 02
2008 252 11 51 03
2008 252 22 40 05
2008 253 09 29 07
2008 253 20 18 08
2008 254 07 07 10
2008 254 17 56 11
2008 255 04 45 13
2008 255 15 34 14
2008 256 02 23 14
2008 256 13 12 15
2008 257 00 01 15
2008 257 10 50 16
2008 257 21 39 16
2008 258 08 28 17
2008 258 19 17 18
2008 259 06 06 20
2008 259 16 55 22
2008 260 03 44 25
2008 260 14 33 28
2008 261 01 22 32
2008 261 12 11 37
2008 261 23 00 42
2008 262 09 49 47
2008 262 20 38 52
2008 263 07 27 58
2008 263 18 17 03
2008 264 05 06 09
2008 264 15 55 15
2008 265 02 44 20
2008 265 13 33 25
2008 266 00 22 30
2008 266 11 11 35
2008 266 22 00 40
2008 267 08 49 44
2008 267 19 38 49
2008 268 06 27 54
2008 268 17 16 59
2008 269 04 06 05
2008 269 14 55 10
2008 270 01 44 17
2008 270 12 33 23
2008 270 23 22 30
2008 271 10 11 37
2008 271 21 00 44
2008 272 07 49 52
2008 272 18 39 00
2008 273 05 28 09
2008 273 16 17 18
2008 274 03 06 27
2008 274 13 55 36
2008 275 00 44 45
2008 275 11 33 55
2008 275 22 23 05
2008 276 09 12 15
2008 276 20 01 26
2008 277 06 50 37
2008 277 17 39 47
2008 278 04 28 58
2008 278 15 18 10
2008 279 02 07 21
2008 279 12 56 33
2008 279 23 45 45
2008 280 10 34 57
2008 280 21 24 09
2008 281 08 13 21
2008 281 19 02 33
2008 282 05 51 46
2008 282 16 40 58
2008 283 03 30 11
2008 283 14 19 23
2008 284 01 08 36
2008 284 11 57 48
2008 284 22 47 00
2008 285 09 36 13
2008 285 20 25 25
2008 286 07 14 37
2008 286 18 03 49
2008 287 04 53 02
2008 287 15 42 14
2008 288 02 31 27
2008 288 13 20 40
2008 289 00 09 53
2008 289 10 59 07
2008 289 21 48 21
2008 290 08 37 35
2008 290 19 26 50
2008 291 06 16 05
2008 291 17 05 21
2008 292 03 54 37
2008 292 14 43 53
2008 293 01 33 10
2008 293 12 22 26
2008 293 23 11 43
2008 294 10 01 00
2008 294 20 50 17
2008 295 07 39 34
2008 295 18 28 51
2008 296 05 18 08
2008 296 16 07 25
2008 297 02 56 42
2008 297 13 45 59
2008 298 00 35 16
2008 298 11 24 33
2008 298 22 13 50
2008 299 09 03 07
2008 299 19 52 23
2008 300 06 41 39
2008 300 17 30 56
2008 301 04 20 12
2008 301 15 09 28
2008 302 01 58 43
2008 302 12 47 59
2008 302 23 37 15
2008 303 10 26 31
2008 303 21 15 47
2008 304 08 05 03
2008 304 18 54 19
2008 305 05 43 35
2008 305 16 32 51
2008 306 03 22 08
2008 306 14 11 24
2008 307 01 00 41
2008 307 11 49 57
2008 307 22 39 14
2008 308 09 28 30
2008 308 20 17 47
2008 309 07 07 03
2008 309 17 56 19
2008 310 04 45 35
2008 310 15 34 50
2008 311 02 24 05
2008 311 13 13 21
2008 312 00 02 36
2008 312 10 51 50
2008 312 21 41 05
2008 313 08 30 20
2008 313 19 19 34
2008 314 06 08 49
2008 314 16 58 03
2008 315 03 47 18
2008 315 14 36 32
2008 316 01 25 46
2008 316 12 15 00
2008 316 23 04 14
2008 317 09 53 28
2008 317 20 42 42
2008 318 07 31 55
2008 318 18 21 08
2008 319 05 10 21
2008 319 15 59 33
2008 320 02 48 45
2008 320 13 37 56
2008 321 00 27 07
2008 321 11 16 17
2008 321 22 05 27
2008 322 08 54 37
2008 322 19 43 47
2008 323 06 32 56
2008 323 17 22 04
2008 324 04 11 13
2008 324 15 00 21
2008 325 01 49 29
2008 325 12 38 37
2008 325 23 27 45
2008 326 10 16 53
2008 326 21 06 00
2008 327 07 55 07
2008 327 18 44 14
2008 328 05 33 21
2008 328 16 22 27
2008 329 03 11 33
2008 329 14 00 39
2008 330 00 49 45
2008 330 11 38 51
2008 330 22 27 56
2008 331 09 17 01
2008 331 20 06 05
2008 332 06 55 10
2008 332 17 44 14
2008 333 04 33 17
2008 333 15 22 20
2008 334 02 11 23
2008 334 13 00 25
2008 334 23 49 26
2008 335 10 38 27
2008 335 21 27 28
2008 336 08 16 28
2008 336 19 05 27
2008 337 05 54 26
2008 337 16 43 25
2008 338 03 32 23
2008 338 14 21 21
2008 339 01 10 18
2008 339 11 59 15
2008 339 22 48 12
2008 340 09 37 09
2008 340 20 26 05
2008 341 07 15 01
2008 341 18 03 57
2008 342 04 52 52
2008 342 15 41 46
2008 343 02 30 40
2008 343 13 19 33
2008 344 00 08 26
2008 344 10 57 17
2008 344 21 46 08
2008 345 08 34 58
2008 345 19 23 47
2008 346 06 12 36
2008 346 17 01 23
2008 347 03 50 10
2008 347 14 38 56
2008 348 01 27 42
2008 348 12 16 27
2008 348 23 05 11
2008 349 09 53 55
2008 349 20 42 38
2008 350 07 31 21
2008 350 18 20 04
2008 351 05 08 46
2008 351 15 57 28
2008 352 02 46 10
2008 352 13 34 51
2008 353 00 23 31
2008 353 11 12 12
2008 353 22 00 52
2008 354 08 49 32
2008 354 19 38 12
2008 355 06 26 51
2008 355 17 15 30
2008 356 04 04 09
2008 356 14 52 48
2008 357 01 41 26
2008 357 12 30 04
2008 357 23 18 41
2008 358 10 07 17
2008 358 20 55 54
2008 359 07 44 29
2008 359 18 33 04
2008 360 05 21 38
2008 360 16 10 12
2008 361 02 58 45
2008 361 13 47 17
2008 362 00 35 49
2008 362 11 24 20
2008 362 22 12 50
2008 363 09 01 20
2008 363 19 49 49
2008 364 06 38 18
2008 364 17 26 46
2008 365 04 15 13
2008 365 15 03 40
2008 366 01 52 06
2008 366 12 40 32
2008 366 23 28 57
2009 001 10 17 22
2009 001 21 05 45
2009 002 07 54 09
2009 002 18 42 31
2009 003 05 30 54
2009 003 16 19 15
2009 004 03 07 36
2009 004 13 55 56
2009 005 00 44 15
2009 005 11 32 34
2009 005 22 20 52
2009 006 09 09 09
2009 006 19 57 26
2009 007 06 45 42
2009 007 17 33 57
2009 008 04 22 11
2009 008 15 10 25
2009 009 01 58 38
2009 009 12 46 50
2009 009 23 35 01
2009 010 10 23 12
2009 010 21 11 22
2009 011 07 59 31
2009 011 18 47 39
2009 012 05 35 47
2009 012 16 23 54
2009 013 03 12 01
2009 013 14 00 07
2009 014 00 48 13
2009 014 11 36 18
2009 014 22 24 23
2009 015 09 12 27
2009 015 20 00 31
2009 016 06 48 34
2009 016 17 36 37
2009 017 04 24 39
2009 017 15 12 40
2009 018 02 00 41
2009 018 12 48 42
2009 018 23 36 41
2009 019 10 24 41
2009 019 21 12 40
2009 020 08 00 38
2009 020 18 48 36
2009 021 05 36 33
2009 021 16 24 30
2009 022 03 12 26
2009 022 14 00 22
2009 023 00 48 17
2009 023 11 36 12
2009 023 22 24 07
2009 024 09 12 01
2009 024 19 59 55
2009 025 06 47 49
2009 025 17 35 42
2009 026 04 23 35
2009 026 15 11 28
2009 027 01 59 20
2009 027 12 47 11
2009 027 23 35 03
2009 028 10 22 53
2009 028 21 10 44
2009 029 07 58 34
2009 029 18 46 23
2009 030 05 34 12
2009 030 16 22 01
2009 031 03 09 49
2009 031 13 57 36
2009 032 00 45 23
2009 032 11 33 10
2009 032 22 20 56
2009 033 09 08 41
2009 033 19 56 25
2009 034 06 44 09
2009 034 17 31 53
2009 035 04 19 36
2009 035 15 07 18
2009 036 01 55 00
2009 036 12 42 41
2009 036 23 30 22
2009 037 10 18 03
2009 037 21 05 43
2009 038 07 53 23
2009 038 18 41 03
2009 039 05 28 42
2009 039 16 16 22
2009 040 03 04 01
2009 040 13 51 39
2009 041 00 39 18
2009 041 11 26 56
2009 041 22 14 33
2009 042 09 02 10
2009 042 19 49 47
2009 043 06 37 22
2009 043 17 24 57
2009 044 04 12 32
2009 044 15 00 05
2009 045 01 47 38
2009 045 12 35 10
2009 045 23 22 41
2009 046 10 10 12
2009 046 20 57 43
2009 047 07 45 13
2009 047 18 32 43
2009 048 05 20 13
2009 048 16 07 43
2009 049 02 55 12
2009 049 13 42 41
2009 050 00 30 11
2009 050 11 17 40
2009 050 22 05 09
2009 051 08 52 38
2009 051 19 40 07
2009 052 06 27 35
2009 052 17 15 03
2009 053 04 02 31
2009 053 14 49 58
2009 054 01 37 25
2009 054 12 24 51
2009 054 23 12 17
2009 055 09 59 42
2009 055 20 47 07
2009 056 07 34 31
2009 056 18 21 55
2009 057 05 09 19
2009 057 15 56 42
2009 058 02 44 05
2009 058 13 31 27
2009 059 00 18 48
2009 059 11 06 10
2009 059 21 53 31
2009 060 08 40 51
2009 060 19 28 11
2009 061 06 15 31
2009 061 17 02 50
2009 062 03 50 08
2009 062 14 37 27
2009 063 01 24 45
2009 063 12 12 02
2009 063 22 59 19
2009 064 09 46 36
2009 064 20 33 52
2009 065 07 21 08
2009 065 18 08 24
2009 066 04 55 39
2009 066 15 42 54
2009 067 02 30 09
2009 067 13 17 23
2009 068 00 04 37
2009 068 10 51 51
2009 068 21 39 04
2009 069 08 26 17
2009 069 19 13 30
2009 070 06 00 42
2009 070 16 47 54
2009 071 03 35 06
2009 071 14 22 18
2009 072 01 09 29
2009 072 11 56 40
2009 072 22 43 50
2009 073 09 31 00
2009 073 20 18 10
2009 074 07 05 19
2009 074 17 52 28
2009 075 04 39 36
2009 075 15 26 44
2009 076 02 13 52
2009 076 13 01 00
2009 076 23 48 07
2009 077 10 35 14
2009 077 21 22 21
2009 078 08 09 28
2009 078 18 56 34
2009 079 05 43 40
2009 079 16 30 46
2009 080 03 17 52
2009 080 14 04 57
2009 081 00 52 02
2009 081 11 39 07
2009 081 22 26 11
2009 082 09 13 15
2009 082 20 00 19
2009 083 06 47 21
2009 083 17 34 24
2009 084 04 21 25
2009 084 15 08 26
2009 085 01 55 27
2009 085 12 42 27
2009 085 23 29 26
2009 086 10 16 25
2009 086 21 03 23
2009 087 07 50 21
2009 087 18 37 19
2009 088 05 24 16
2009 088 16 11 12
2009 089 02 58 09
2009 089 13 45 05
2009 090 00 32 00
2009 090 11 18 56
2009 090 22 05 50
2009 091 08 52 45
2009 091 19 39 38
2009 092 06 26 32
2009 092 17 13 24
2009 093 04 00 16
2009 093 14 47 08
2009 094 01 33 58
2009 094 12 20 48
2009 094 23 07 37
2009 095 09 54 26
2009 095 20 41 13
2009 096 07 28 01
2009 096 18 14 47
2009 097 05 01 33
2009 097 15 48 19
2009 098 02 35 04
2009 098 13 21 48
2009 099 00 08 33
2009 099 10 55 16
2009 099 21 42 00
2009 100 08 28 43
2009 100 19 15 25
2009 101 06 02 07
2009 101 16 48 48
2009 102 03 35 29
2009 102 14 22 09
2009 103 01 08 48
2009 103 11 55 26
2009 103 22 42 03
2009 104 09 28 40
2009 104 20 15 15
2009 105 07 01 50
2009 105 17 48 24
2009 106 04 34 58
2009 106 15 21 31
2009 107 02 08 03
2009 107 12 54 35
2009 107 23 41 06
2009 108 10 27 37
2009 108 21 14 07
2009 109 08 00 37
2009 109 18 47 07
2009 110 05 33 37
2009 110 16 20 06
2009 111 03 06 35
2009 111 13 53 03
2009 112 00 39 31
2009 112 11 25 58
2009 112 22 12 25
2009 113 08 58 51
2009 113 19 45 16
2009 114 06 31 40
2009 114 17 18 04
2009 115 04 04 27
2009 115 14 50 49
2009 116 01 37 11
2009 116 12 23 31
2009 116 23 09 52
2009 117 09 56 11
2009 117 20 42 30
2009 118 07 28 49
2009 118 18 15 07
2009 119 05 01 24
2009 119 15 47 41
2009 120 02 33 58
2009 120 13 20 13
2009 121 00 06 29
2009 121 10 52 43
2009 121 21 38 57
2009 122 08 25 11
2009 122 19 11 23
2009 123 05 57 35
2009 123 16 43 46
2009 124 03 29 56
2009 124 14 16 06
2009 125 01 02 14
2009 125 11 48 22
2009 125 22 34 29
2009 126 09 20 36
2009 126 20 06 42
2009 127 06 52 47
2009 127 17 38 52
2009 128 04 24 56
2009 128 15 10 59
2009 129 01 57 03
2009 129 12 43 05
2009 129 23 29 07
2009 130 10 15 09
2009 130 21 01 10
2009 131 07 47 10
2009 131 18 33 10
2009 132 05 19 09
2009 132 16 05 07
2009 133 02 51 05
2009 133 13 37 01
2009 134 00 22 57
2009 134 11 08 52
2009 134 21 54 45
2009 135 08 40 38
2009 135 19 26 30
2009 136 06 12 22
2009 136 16 58 12
2009 137 03 44 01
2009 137 14 29 50
2009 138 01 15 37
2009 138 12 01 24
2009 138 22 47 10
2009 139 09 32 55
2009 139 20 18 39
2009 140 07 04 23
2009 140 17 50 05
2009 141 04 35 47
2009 141 15 21 28
2009 142 02 07 08
2009 142 12 52 47
2009 142 23 38 25
2009 143 10 24 02
2009 143 21 09 38
2009 144 07 55 14
2009 144 18 40 48
2009 145 05 26 22
2009 145 16 11 55
2009 146 02 57 27
2009 146 13 42 58
2009 147 00 28 28
2009 147 11 13 57
2009 147 21 59 26
2009 148 08 44 54
2009 148 19 30 20
2009 149 06 15 46
2009 149 17 01 12
2009 150 03 46 36
2009 150 14 31 59
2009 151 01 17 21
2009 151 12 02 42
2009 151 22 48 02
2009 152 09 33 21
2009 152 20 18 38
2009 153 07 03 54
2009 153 17 49 09
2009 154 04 34 22
2009 154 15 19 34
2009 155 02 04 44
2009 155 12 49 53
2009 155 23 35 00
2009 156 10 20 07
2009 156 21 05 13
2009 157 07 50 17
2009 157 18 35 21
2009 158 05 20 24
2009 158 16 05 26
2009 159 02 50 28
2009 159 13 35 29
2009 160 00 20 29
2009 160 11 05 29
2009 160 21 50 28
2009 161 08 35 27
2009 161 19 20 25
2009 162 06 05 22
2009 162 16 50 18
2009 163 03 35 14
2009 163 14 20 08
2009 164 01 05 02
2009 164 11 49 55
2009 164 22 34 46
2009 165 09 19 37
2009 165 20 04 26
2009 166 06 49 15
2009 166 17 34 02
2009 167 04 18 47
2009 167 15 03 32
2009 168 01 48 14
2009 168 12 32 56
2009 168 23 17 35
2009 169 10 02 13
2009 169 20 46 50
2009 170 07 31 25
2009 170 18 15 59
2009 171 05 00 32
2009 171 15 45 04
2009 172 02 29 36
2009 172 13 14 08
2009 172 23 58 39
2009 173 10 43 11
2009 173 21 27 42
2009 174 08 12 14
2009 174 18 56 47
2009 175 05 41 19
2009 175 16 25 52
2009 176 03 10 24
2009 176 13 54 56
2009 177 00 39 27
2009 177 11 23 57
2009 177 22 08 26
2009 178 08 52 54
2009 178 19 37 21
2009 179 06 21 46
2009 179 17 06 09
2009 180 03 50 31
2009 180 14 34 52
2009 181 01 19 11
2009 181 12 03 30
2009 181 22 47 48
2009 182 09 32 06
2009 182 20 16 23
2009 183 07 00 40
2009 183 17 44 56
2009 184 04 29 13
2009 184 15 13 31
2009 185 01 57 48
2009 185 12 42 06
2009 185 23 26 23
2009 186 10 10 41
2009 186 20 54 58
2009 187 07 39 15
2009 187 18 23 32
2009 188 05 07 49
2009 188 15 52 05
2009 189 02 36 21
2009 189 13 20 36
2009 190 00 04 51
2009 190 10 49 06
2009 190 21 33 19
2009 191 08 17 33
2009 191 19 01 46
2009 192 05 45 59
2009 192 16 30 12
2009 193 03 14 24
2009 193 13 58 37
2009 194 00 42 49
2009 194 11 27 01
2009 194 22 11 13
2009 195 08 55 25
2009 195 19 39 36
2009 196 06 23 48
2009 196 17 07 59
2009 197 03 52 11
2009 197 14 36 22
2009 198 01 20 33
2009 198 12 04 44
2009 198 22 48 55
2009 199 09 33 06
2009 199 20 17 17
2009 200 07 01 28
2009 200 17 45 39
2009 201 04 29 49
2009 201 15 14 00
2009 202 01 58 10
2009 202 12 42 20
2009 202 23 26 31
2009 203 10 10 41
2009 203 20 54 51
2009 204 07 39 01
2009 204 18 23 11
2009 205 05 07 21
2009 205 15 51 31
2009 206 02 35 41
2009 206 13 19 50
2009 207 00 04 01
2009 207 10 48 11
2009 207 21 32 21
2009 208 08 16 32
2009 208 19 00 42
2009 209 05 44 54
2009 209 16 29 05
2009 210 03 13 17
2009 210 13 57 29
2009 211 00 41 41
2009 211 11 25 54
2009 211 22 10 07
2009 212 08 54 21
2009 212 19 38 35
2009 213 06 22 49
2009 213 17 07 05
2009 214 03 51 20
2009 214 14 35 37
2009 215 01 19 53
2009 215 12 04 10
2009 215 22 48 28
2009 216 09 32 45
2009 216 20 17 03
2009 217 07 01 20
2009 217 17 45 38
2009 218 04 29 55
2009 218 15 14 12
2009 219 01 58 29
2009 219 12 42 45
2009 219 23 27 01
2009 220 10 11 17
2009 220 20 55 32
2009 221 07 39 48
2009 221 18 24 04
2009 222 05 08 20
2009 222 15 52 37
2009 223 02 36 55
2009 223 13 21 13
2009 224 00 05 32
2009 224 10 49 52
2009 224 21 34 12
2009 225 08 18 34
2009 225 19 02 56
2009 226 05 47 19
2009 226 16 31 42
2009 227 03 16 06
2009 227 14 00 30
2009 228 00 44 54
2009 228 11 29 18
2009 228 22 13 43
2009 229 08 58 07
2009 229 19 42 31
2009 230 06 26 56
2009 230 17 11 20
2009 231 03 55 45
2009 231 14 40 10
2009 232 01 24 35
2009 232 12 09 00
2009 232 22 53 26
2009 233 09 37 53
2009 233 20 22 20
2009 234 07 06 47
2009 234 17 51 15
2009 235 04 35 44
2009 235 15 20 13
2009 236 02 04 42
2009 236 12 49 12
2009 236 23 33 43
2009 237 10 18 13
2009 237 21 02 44
2009 238 07 47 15
2009 238 18 31 46
2009 239 05 16 17
2009 239 16 00 49
2009 240 02 45 20
2009 240 13 29 52
2009 241 00 14 24
2009 241 10 58 56
2009 241 21 43 29
2009 242 08 28 02
2009 242 19 12 35
2009 243 05 57 09
2009 243 16 41 44
2009 244 03 26 19
2009 244 14 10 54
2009 245 00 55 30
2009 245 11 40 07
2009 245 22 24 44
2009 246 09 09 22
2009 246 19 54 00
2009 247 06 38 38
2009 247 17 23 17
2009 248 04 07 56
2009 248 14 52 35
2009 249 01 37 14
2009 249 12 21 54
2009 249 23 06 34
2009 250 09 51 14
2009 250 20 35 54
2009 251 07 20 35
2009 251 18 05 16
2009 252 04 49 57
2009 252 15 34 38
2009 253 02 19 20
2009 253 13 04 02
2009 253 23 48 45
2009 254 10 33 27
2009 254 21 18 11
2009 255 08 02 54
2009 255 18 47 38
2009 256 05 32 22
2009 256 16 17 07
2009 257 03 01 51
2009 257 13 46 36
2009 258 00 31 22
2009 258 11 16 07
2009 258 22 00 53
2009 259 08 45 39
2009 259 19 30 25
2009 260 06 15 11
2009 260 16 59 58
2009 261 03 44 44
2009 261 14 29 31
2009 262 01 14 19
2009 262 11 59 06
2009 262 22 43 54
2009 263 09 28 42
2009 263 20 13 30
2009 264 06 58 19
2009 264 17 43 08
2009 265 04 27 57
2009 265 15 12 47
2009 266 01 57 36
2009 266 12 42 26
2009 266 23 27 17
2009 267 10 12 07
2009 267 20 56 58
2009 268 07 41 49
2009 268 18 26 40
2009 269 05 11 31
2009 269 15 56 23
2009 270 02 41 14
2009 270 13 26 06
2009 271 00 10 58
2009 271 10 55 50
2009 271 21 40 41
2009 272 08 25 33
2009 272 19 10 25
2009 273 05 55 16
2009 273 16 40 08
2009 274 03 24 59
2009 274 14 09 50
2009 275 00 54 41
2009 275 11 39 32
2009 275 22 24 23
2009 276 09 09 15
2009 276 19 54 06
2009 277 06 38 58
2009 277 17 23 51
2009 278 04 08 43
2009 278 14 53 37
2009 279 01 38 31
2009 279 12 23 26
2009 279 23 08 22
2009 280 09 53 18
2009 280 20 38 14
2009 281 07 23 11
2009 281 18 08 07
2009 282 04 53 04
2009 282 15 38 01
2009 283 02 22 57
2009 283 13 07 53
2009 283 23 52 49
2009 284 10 37 44
2009 284 21 22 38
2009 285 08 07 32
2009 285 18 52 26
2009 286 05 37 19
2009 286 16 22 12
2009 287 03 07 05
2009 287 13 51 58
2009 288 00 36 52
2009 288 11 21 45
2009 288 22 06 39
2009 289 08 51 33
2009 289 19 36 28
2009 290 06 21 22
2009 290 17 06 18
2009 291 03 51 13
2009 291 14 36 08
2009 292 01 21 04
2009 292 12 05 59
2009 292 22 50 55
2009 293 09 35 50
2009 293 20 20 45
2009 294 07 05 40
2009 294 17 50 35
2009 295 04 35 30
2009 295 15 20 25
2009 296 02 05 19
2009 296 12 50 13
2009 296 23 35 07
2009 297 10 20 00
2009 297 21 04 53
2009 298 07 49 46
2009 298 18 34 39
2009 299 05 19 31
2009 299 16 04 24
2009 300 02 49 15
2009 300 13 34 07
2009 301 00 18 58
2009 301 11 03 49
2009 301 21 48 40
2009 302 08 33 30
2009 302 19 18 20
2009 303 06 03 10
2009 303 16 47 59
2009 304 03 32 49
2009 304 14 17 38
2009 305 01 02 26
2009 305 11 47 14
2009 305 22 32 02
2009 306 09 16 50
2009 306 20 01 37
2009 307 06 46 24
2009 307 17 31 11
2009 308 04 15 58
2009 308 15 00 44
2009 309 01 45 29
2009 309 12 30 15
2009 309 23 15 00
2009 310 09 59 45
2009 310 20 44 29
2009 311 07 29 13
2009 311 18 13 56
2009 312 04 58 39
2009 312 15 43 22
2009 313 02 28 04
2009 313 13 12 46
2009 313 23 57 27
2009 314 10 42 08
2009 314 21 26 48
2009 315 08 11 27
2009 315 18 56 07
2009 316 05 40 45
2009 316 16 25 24
2009 317 03 10 02
2009 317 13 54 40
2009 318 00 39 18
2009 318 11 23 56
2009 318 22 08 33
2009 319 08 53 11
2009 319 19 37 48
2009 320 06 22 25
2009 320 17 07 03
2009 321 03 51 40
2009 321 14 36 16
2009 322 01 20 53
2009 322 12 05 30
2009 322 22 50 06
2009 323 09 34 42
2009 323 20 19 18
2009 324 07 03 53
2009 324 17 48 28
2009 325 04 33 03
2009 325 15 17 38
2009 326 02 02 12
2009 326 12 46 47
2009 326 23 31 21
2009 327 10 15 55
2009 327 21 00 29
2009 328 07 45 02
2009 328 18 29 36
2009 329 05 14 09
2009 329 15 58 42
2009 330 02 43 16
2009 330 13 27 49
2009 331 00 12 22
2009 331 10 56 55
2009 331 21 41 27
2009 332 08 26 00
2009 332 19 10 32
2009 333 05 55 04
2009 333 16 39 37
2009 334 03 24 08
2009 334 14 08 40
2009 335 00 53 12
2009 335 11 37 43
2009 335 22 22 14
2009 336 09 06 46
2009 336 19 51 17
2009 337 06 35 48
2009 337 17 20 20
2009 338 04 04 51
2009 338 14 49 23
2009 339 01 33 55
2009 339 12 18 27
2009 339 23 03 00
2009 340 09 47 32
2009 340 20 32 05
2009 341 07 16 38
2009 341 18 01 11
2009 342 04 45 44
2009 342 15 30 17
2009 343 02 14 50
2009 343 12 59 23
2009 343 23 43 56
2009 344 10 28 29
2009 344 21 13 01
2009 345 07 57 34
2009 345 18 42 06
2009 346 05 26 39
2009 346 16 11 11
2009 347 02 55 44
2009 347 13 40 16
2009 348 00 24 49
2009 348 11 09 21
2009 348 21 53 54
2009 349 08 38 26
2009 349 19 22 59
2009 350 06 07 31
2009 350 16 52 04
2009 351 03 36 37
2009 351 14 21 10
2009 352 01 05 43
2009 352 11 50 16
2009 352 22 34 49
2009 353 09 19 22
2009 353 20 03 55
2009 354 06 48 28
2009 354 17 33 02
2009 355 04 17 35
2009 355 15 02 09
2009 356 01 46 43
2009 356 12 31 16
2009 356 23 15 50
2009 357 10 00 23
2009 357 20 44 56
2009 358 07 29 30
2009 358 18 14 03
2009 359 04 58 36
2009 359 15 43 09
2009 360 02 27 41
2009 360 13 12 14
2009 360 23 56 46
2009 361 10 41 19
2009 361 21 25 51
2009 362 08 10 24
2009 362 18 54 56
2009 363 05 39 29
2009 363 16 24 01
2009 364 03 08 34
2009 364 13 53 06
2009 365 00 37 39
2009 365 11 22 12
2009 365 22 06 44
2010 001 08 51 16
2010 001 19 35 48
2010 002 06 20 19
2010 002 17 04 50
2010 003 03 49 20
2010 003 14 33 49
2010 004 01 18 17
2010 004 12 02 45
2010 004 22 47 12
2010 005 09 31 38
2010 005 20 16 03
2010 006 07 00 28
2010 006 17 44 52
2010 007 04 29 16
2010 007 15 13 39
2010 008 01 58 02
2010 008 12 42 26
2010 008 23 26 48
2010 009 10 11 11
2010 009 20 55 34
2010 010 07 39 56
2010 010 18 24 19
2010 011 05 08 40
2010 011 15 53 01
2010 012 02 37 21
2010 012 13 21 40
2010 013 00 05 59
2010 013 10 50 16
2010 013 21 34 31
2010 014 08 18 46
2010 014 19 02 59
2010 015 05 47 11
2010 015 16 31 21
2010 016 03 15 31
2010 016 13 59 39
2010 017 00 43 46
2010 017 11 27 52
2010 017 22 11 58
2010 018 08 56 02
2010 018 19 40 06
2010 019 06 24 09
2010 019 17 08 12
2010 020 03 52 13
2010 020 14 36 14
2010 021 01 20 13
2010 021 12 04 11
2010 021 22 48 08
2010 022 09 32 03
2010 022 20 15 57
2010 023 06 59 49
2010 023 17 43 39
2010 024 04 27 27
2010 024 15 11 14
2010 025 01 54 58
2010 025 12 38 40
2010 025 23 22 21
2010 026 10 06 00
2010 026 20 49 37
2010 027 07 33 13
2010 027 18 16 47
2010 028 05 00 20
2010 028 15 43 51
2010 029 02 27 21
2010 029 13 10 51
2010 029 23 54 19
2010 030 10 37 45
2010 030 21 21 11
2010 031 08 04 36
2010 031 18 47 59
2010 032 05 31 22
2010 032 16 14 43
2010 033 02 58 04
2010 033 13 41 23
2010 034 00 24 42
2010 034 11 08 00
2010 034 21 51 16
2010 035 08 34 32
2010 035 19 17 46
2010 036 06 00 59
2010 036 16 44 10
2010 037 03 27 20
2010 037 14 10 29
2010 038 00 53 35
2010 038 11 36 40
2010 038 22 19 43
2010 039 09 02 44
2010 039 19 45 43
2010 040 06 28 40
2010 040 17 11 36
2010 041 03 54 30
2010 041 14 37 22
2010 042 01 20 13
2010 042 12 03 03
2010 042 22 45 52
2010 043 09 28 40
2010 043 20 11 27
2010 044 06 54 13
2010 044 17 36 58
2010 045 04 19 43
2010 045 15 02 27
2010 046 01 45 10
2010 046 12 27 53
2010 046 23 10 35
2010 047 09 53 17
2010 047 20 35 57
2010 048 07 18 38
2010 048 18 01 17
2010 049 04 43 56
2010 049 15 26 35
2010 050 02 09 13
2010 050 12 51 50
2010 050 23 34 26
2010 051 10 17 02
2010 051 20 59 37
2010 052 07 42 12
2010 052 18 24 45
2010 053 05 07 18
2010 053 15 49 50
2010 054 02 32 22
2010 054 13 14 52
2010 054 23 57 21
2010 055 10 39 50
2010 055 21 22 18
2010 056 08 04 46
2010 056 18 47 13
2010 057 05 29 39
2010 057 16 12 05
2010 058 02 54 30
2010 058 13 36 55
2010 059 00 19 19
2010 059 11 01 43
2010 059 21 44 07
2010 060 08 26 31
2010 060 19 08 54
2010 061 05 51 17
2010 061 16 33 39
2010 062 03 16 01
2010 062 13 58 23
2010 063 00 40 45
2010 063 11 23 06
2010 063 22 05 27
2010 064 08 47 48
2010 064 19 30 09
2010 065 06 12 29
2010 065 16 54 49
2010 066 03 37 09
2010 066 14 19 29
2010 067 01 01 48
2010 067 11 44 07
2010 067 22 26 25
2010 068 09 08 44
2010 068 19 51 02
2010 069 06 33 19
2010 069 17 15 37
2010 070 03 57 54
2010 070 14 40 10
2010 071 01 22 26
2010 071 12 04 42
2010 071 22 46 58
2010 072 09 29 13
2010 072 20 11 28
2010 073 06 53 42
2010 073 17 35 56
2010 074 04 18 10
2010 074 15 00 23
2010 075 01 42 36
2010 075 12 24 48
2010 075 23 07 00
2010 076 09 49 12
2010 076 20 31 23
2010 077 07 13 34
2010 077 17 55 45
2010 078 04 37 55
2010 078 15 20 05
2010 079 02 02 15
2010 079 12 44 24
2010 079 23 26 34
2010 080 10 08 42
2010 080 20 50 51
2010 081 07 32 59
2010 081 18 15 07
2010 082 04 57 15
2010 082 15 39 22
2010 083 02 21 29
2010 083 13 03 36
2010 083 23 45 42
2010 084 10 27 48
2010 084 21 09 53
2010 085 07 51 59
2010 085 18 34 04
2010 086 05 16 08
2010 086 15 58 13
2010 087 02 40 17
2010 087 13 22 21
2010 088 00 04 24
2010 088 10 46 27
2010 088 21 28 30
2010 089 08 10 33
2010 089 18 52 36
2010 090 05 34 38
2010 090 16 16 40
2010 091 02 58 42
2010 091 13 40 43
2010 092 00 22 45
2010 092 11 04 46
2010 092 21 46 46
2010 093 08 28 47
2010 093 19 10 47
2010 094 05 52 47
2010 094 16 34 46
2010 095 03 16 46
2010 095 13 58 45
2010 096 00 40 44
2010 096 11 22 42
2010 096 22 04 40
2010 097 08 46 38
2010 097 19 28 36
2010 098 06 10 34
2010 098 16 52 32
2010 099 03 34 29
2010 099 14 16 26
2010 100 00 58 23
2010 100 11 40 20
2010 100 22 22 16
2010 101 09 04 12
2010 101 19 46 08
2010 102 06 28 04
2010 102 17 09 59
2010 103 03 51 55
2010 103 14 33 49
2010 104 01 15 44
2010 104 11 57 38
2010 104 22 39 32
2010 105 09 21 25
2010 105 20 03 18
2010 106 06 45 11
2010 106 17 27 04
2010 107 04 08 57
2010 107 14 50 49
2010 108 01 32 41
2010 108 12 14 33
2010 108 22 56 25
2010 109 09 38 17
2010 109 20 20 09
2010 110 07 02 01
2010 110 17 43 53
2010 111 04 25 44
2010 111 15 07 35
2010 112 01 49 26
2010 112 12 31 17
2010 112 23 13 08
2010 113 09 54 58
2010 113 20 36 48
2010 114 07 18 37
2010 114 18 00 26
2010 115 04 42 15
2010 115 15 24 04
2010 116 02 05 52
2010 116 12 47 41
2010 116 23 29 28
2010 117 10 11 16
2010 117 20 53 03
2010 118 07 34 51
2010 118 18 16 38
2010 119 04 58 25
2010 119 15 40 12
2010 120 02 21 59
2010 120 13 03 45
2010 120 23 45 32
2010 121 10 27 18
2010 121 21 09 04
2010 122 07 50 50
2010 122 18 32 35
2010 123 05 14 21
2010 123 15 56 06
2010 124 02 37 51
2010 124 13 19 36
2010 125 00 01 20
2010 125 10 43 04
2010 125 21 24 48
2010 126 08 06 32
2010 126 18 48 16
2010 127 05 29 59
2010 127 16 11 43
2010 128 02 53 26
2010 128 13 35 09
2010 129 00 16 52
2010 129 10 58 35
2010 129 21 40 18
2010 130 08 22 01
2010 130 19 03 43
2010 131 05 45 26
2010 131 16 27 08
2010 132 03 08 50
2010 132 13 50 32
2010 133 00 32 14
2010 133 11 13 56
2010 133 21 55 37
2010 134 08 37 18
2010 134 19 18 59
2010 135 06 00 39
2010 135 16 42 20
2010 136 03 24 00
2010 136 14 05 40
2010 137 00 47 20
2010 137 11 28 59
2010 137 22 10 39
2010 138 08 52 19
2010 138 19 33 58
2010 139 06 15 38
2010 139 16 57 18
2010 140 03 38 57
2010 140 14 20 37
2010 141 01 02 16
2010 141 11 43 56
2010 141 22 25 35
2010 142 09 07 14
2010 142 19 48 52
2010 143 06 30 31
2010 143 17 12 09
2010 144 03 53 47
2010 144 14 35 24
2010 145 01 17 01
2010 145 11 58 38
2010 145 22 40 15
2010 146 09 21 51
2010 146 20 03 28
2010 147 06 45 04
2010 147 17 26 39
2010 148 04 08 15
2010 148 14 49 51
2010 149 01 31 26
2010 149 12 13 01
2010 149 22 54 37
2010 150 09 36 12
2010 150 20 17 47
2010 151 06 59 22
2010 151 17 40 57
2010 152 04 22 31
2010 152 15 04 06
2010 153 01 45 40
2010 153 12 27 14
2010 153 23 08 47
2010 154 09 50 21
2010 154 20 31 54
2010 155 07 13 26
2010 155 17 54 59
2010 156 04 36 31
2010 156 15 18 03
2010 157 01 59 34
2010 157 12 41 06
2010 157 23 22 37
2010 158 10 04 07
2010 158 20 45 38
2010 159 07 27 08
2010 159 18 08 38
2010 160 04 50 07
2010 160 15 31 37
2010 161 02 13 06
2010 161 12 54 35
2010 161 23 36 03
2010 162 10 17 31
2010 162 20 58 59
2010 163 07 40 27
2010 163 18 21 55
2010 164 05 03 22
2010 164 15 44 49
2010 165 02 26 16
2010 165 13 07 42
2010 165 23 49 09
2010 166 10 30 34
2010 166 21 12 00
2010 167 07 53 25
2010 167 18 34 50
2010 168 05 16 14
2010 168 15 57 38
2010 169 02 39 01
2010 169 13 20 24
2010 170 00 01 46
2010 170 10 43 08
2010 170 21 24 29
2010 171 08 05 50
2010 171 18 47 11
2010 172 05 28 31
2010 172 16 09 52
2010 173 02 51 11
2010 173 13 32 31
2010 174 00 13 50
2010 174 10 55 09
2010 174 21 36 28
2010 175 08 17 47
2010 175 18 59 06
2010 176 05 40 24
2010 176 16 21 42
2010 177 03 02 59
2010 177 13 44 17
2010 178 00 25 34
2010 178 11 06 50
2010 178 21 48 06
2010 179 08 29 22
2010 179 19 10 37
2010 180 05 51 52
2010 180 16 33 07
2010 181 03 14 21
2010 181 13 55 34
2010 182 00 36 48
2010 182 11 18 00
2010 182 21 59 13
2010 183 08 40 25
2010 183 19 21 36
2010 184 06 02 47
2010 184 16 43 58
2010 185 03 25 09
2010 185 14 06 18
2010 186 00 47 28
2010 186 11 28 37
2010 186 22 09 46
2010 187 08 50 55
2010 187 19 32 03
2010 188 06 13 11
2010 188 16 54 19
2010 189 03 35 27
2010 189 14 16 34
2010 190 00 57 41
2010 190 11 38 48
2010 190 22 19 55
2010 191 09 01 01
2010 191 19 42 07
2010 192 06 23 13
2010 192 17 04 18
2010 193 03 45 23
2010 193 14 26 28
2010 194 01 07 32
2010 194 11 48 36
2010 194 22 29 40
2010 195 09 10 43
2010 195 19 51 46
2010 196 06 32 49
2010 196 17 13 51
2010 197 03 54 54
2010 197 14 35 56
2010 198 01 16 57
2010 198 11 57 59
2010 198 22 39 00
2010 199 09 20 01
2010 199 20 01 02
2010 200 06 42 03
2010 200 17 23 03
2010 201 04 04 04
2010 201 14 45 04
2010 202 01 26 04
2010 202 12 07 03
2010 202 22 48 03
2010 203 09 29 02
2010 203 20 10 01
2010 204 06 51 00
2010 204 17 31 59
2010 205 04 12 58
2010 205 14 53 56
2010 206 01 34 54
2010 206 12 15 52
2010 206 22 56 50
2010 207 09 37 48
2010 207 20 18 46
2010 208 06 59 43
2010 208 17 40 40
2010 209 04 21 37
2010 209 15 02 35
2010 210 01 43 31
2010 210 12 24 28
2010 210 23 05 25
2010 211 09 46 22
2010 211 20 27 18
2010 212 07 08 15
2010 212 17 49 11
2010 213 04 30 07
2010 213 15 11 04
2010 214 01 52 00
2010 214 12 32 56
2010 214 23 13 52
2010 215 09 54 48
2010 215 20 35 43
2010 216 07 16 39
2010 216 17 57 35
2010 217 04 38 30
2010 217 15 19 26
2010 218 02 00 21
2010 218 12 41 17
2010 218 23 22 12
2010 219 10 03 07
2010 219 20 44 02
2010 220 07 24 57
2010 220 18 05 52
2010 221 04 46 47
2010 221 15 27 42
2010 222 02 08 38
2010 222 12 49 33
2010 222 23 30 28
2010 223 10 11 23
2010 223 20 52 19
2010 224 07 33 14
2010 224 18 14 10
2010 225 04 55 06
2010 225 15 36 02
2010 226 02 16 58
2010 226 12 57 53
2010 226 23 38 49
2010 227 10 19 45
2010 227 21 00 41
2010 228 07 41 37
2010 228 18 22 33
2010 229 05 03 29
2010 229 15 44 25
2010 230 02 25 21
2010 230 13 06 16
2010 230 23 47 12
2010 231 10 28 08
2010 231 21 09 03
2010 232 07 49 59
2010 232 18 30 55
2010 233 05 11 51
2010 233 15 52 47
2010 234 02 33 43
2010 234 13 14 40
2010 234 23 55 36
2010 235 10 36 33
2010 235 21 17 30
2010 236 07 58 27
2010 236 18 39 24
2010 237 05 20 21
2010 237 16 01 19
2010 238 02 42 16
2010 238 13 23 13
2010 239 00 04 11
2010 239 10 45 08
2010 239 21 26 06
2010 240 08 07 03
2010 240 18 48 01
2010 241 05 28 58
2010 241 16 09 56
2010 242 02 50 54
2010 242 13 31 52
2010 243 00 12 50
2010 243 10 53 49
2010 243 21 34 47
2010 244 08 15 46
2010 244 18 56 45
2010 245 05 37 44
2010 245 16 18 44
2010 246 02 59 44
2010 246 13 40 44
2010 247 00 21 44
2010 247 11 02 45
2010 247 21 43 46
2010 248 08 24 47
2010 248 19 05 48
2010 249 05 46 49
2010 249 16 27 51
2010 250 03 08 53
2010 250 13 49 56
2010 251 00 30 58
2010 251 11 12 01
2010 251 21 53 04
2010 252 08 34 08
2010 252 19 15 11
2010 253 05 56 15
2010 253 16 37 20
2010 254 03 18 24
2010 254 13 59 29
2010 255 00 40 34
2010 255 11 21 40
2010 255 22 02 45
2010 256 08 43 51
2010 256 19 24 58
2010 257 06 06 05
2010 257 16 47 12
2010 258 03 28 19
2010 258 14 09 27
2010 259 00 50 36
2010 259 11 31 44
2010 259 22 12 53
2010 260 08 54 03
2010 260 19 35 13
2010 261 06 16 24
2010 261 16 57 35
2010 262 03 38 46
2010 262 14 19 58
2010 263 01 01 10
2010 263 11 42 23
2010 263 22 23 37
2010 264 09 04 50
2010 264 19 46 05
2010 265 06 27 20
2010 265 17 08 35
2010 266 03 49 51
2010 266 14 31 08
2010 267 01 12 25
2010 267 11 53 43
2010 267 22 35 01
2010 268 09 16 20
2010 268 19 57 40
2010 269 06 39 00
2010 269 17 20 21
2010 270 04 01 42
2010 270 14 43 05
2010 271 01 24 28
2010 271 12 05 51
2010 271 22 47 15
2010 272 09 28 40
2010 272 20 10 06
2010 273 06 51 32
2010 273 17 32 58
2010 274 04 14 26
2010 274 14 55 53
2010 275 01 37 22
2010 275 12 18 51
2010 275 23 00 21
2010 276 09 41 52
2010 276 20 23 23
2010 277 07 04 56
2010 277 17 46 29
2010 278 04 28 03
2010 278 15 09 38
2010 279 01 51 14
2010 279 12 32 50
2010 279 23 14 28
2010 280 09 56 07
2010 280 20 37 47
2010 281 07 19 27
2010 281 18 01 09
2010 282 04 42 51
2010 282 15 24 34
2010 283 02 06 19
2010 283 12 48 03
2010 283 23 29 49
2010 284 10 11 36
2010 284 20 53 23
2010 285 07 35 11
2010 285 18 17 00
2010 286 04 58 50
2010 286 15 40 41
2010 287 02 22 34
2010 287 13 04 27
2010 287 23 46 21
2010 288 10 28 17
2010 288 21 10 14
2010 289 07 52 12
2010 289 18 34 11
2010 290 05 16 12
2010 290 15 58 13
2010 291 02 40 16
2010 291 13 22 21
2010 292 00 04 26
2010 292 10 46 33
2010 292 21 28 40
2010 293 08 10 49
2010 293 18 52 59
2010 294 05 35 10
2010 294 16 17 22
2010 295 02 59 36
2010 295 13 41 50
2010 296 00 24 06
2010 296 11 06 22
2010 296 21 48 40
2010 297 08 30 59
2010 297 19 13 19
2010 298 05 55 40
2010 298 16 38 03
2010 299 03 20 26
2010 299 14 02 51
2010 300 00 45 17
2010 300 11 27 45
2010 300 22 10 13
2010 301 08 52 43
2010 301 19 35 15
2010 302 06 17 48
2010 302 17 00 22
2010 303 03 42 58
2010 303 14 25 35
2010 304 01 08 14
2010 304 11 50 54
2010 304 22 33 36
2010 305 09 16 20
2010 305 19 59 05
2010 306 06 41 51
2010 306 17 24 39
2010 307 04 07 28
2010 307 14 50 19
2010 308 01 33 11
2010 308 12 16 04
2010 308 22 58 59
2010 309 09 41 54
2010 309 20 24 51
2010 310 07 07 50
2010 310 17 50 49
2010 311 04 33 50
2010 311 15 16 53
2010 312 01 59 57
2010 312 12 43 03
2010 312 23 26 10
2010 313 10 09 20
2010 313 20 52 31
2010 314 07 35 44
2010 314 18 18 59
2010 315 05 02 16
2010 315 15 45 34
2010 316 02 28 54
2010 316 13 12 15
2010 316 23 55 38
2010 317 10 39 03
2010 317 21 22 28
2010 318 08 05 55
2010 318 18 49 23
2010 319 05 32 52
2010 319 16 16 22
2010 320 02 59 53
2010 320 13 43 25
2010 321 00 26 58
2010 321 11 10 33
2010 321 21 54 09
2010 322 08 37 46
2010 322 19 21 24
2010 323 06 05 04
2010 323 16 48 45
2010 324 03 32 28
2010 324 14 16 12
2010 325 00 59 57
2010 325 11 43 44
2010 325 22 27 32
2010 326 09 11 22
2010 326 19 55 13
2010 327 06 39 04
2010 327 17 22 57
2010 328 04 06 51
2010 328 14 50 46
2010 329 01 34 42
2010 329 12 18 38
2010 329 23 02 35
2010 330 09 46 34
2010 330 20 30 33
2010 331 07 14 32
2010 331 17 58 33
2010 332 04 42 34
2010 332 15 26 36
2010 333 02 10 38
2010 333 12 54 42
2010 333 23 38 46
2010 334 10 22 50
2010 334 21 06 56
2010 335 07 51 02
2010 335 18 35 08
2010 336 05 19 15
2010 336 16 03 22
2010 337 02 47 30
2010 337 13 31 38
2010 338 00 15 47
2010 338 10 59 55
2010 338 21 44 04
2010 339 08 28 13
2010 339 19 12 23
2010 340 05 56 32
2010 340 16 40 41
2010 341 03 24 50
2010 341 14 08 59
2010 342 00 53 08
2010 342 11 37 17
2010 342 22 21 25
2010 343 09 05 33
2010 343 19 49 41
2010 344 06 33 48
2010 344 17 17 55
2010 345 04 02 02
2010 345 14 46 08
2010 346 01 30 13
2010 346 12 14 18
2010 346 22 58 22
2010 347 09 42 26
2010 347 20 26 30
2010 348 07 10 33
2010 348 17 54 35
2010 349 04 38 37
2010 349 15 22 39
2010 350 02 06 40
2010 350 12 50 40
2010 350 23 34 39
2010 351 10 18 37
2010 351 21 02 35
2010 352 07 46 32
2010 352 18 30 27
2010 353 05 14 21
2010 353 15 58 14
2010 354 02 42 06
2010 354 13 25 57
2010 355 00 09 46
2010 355 10 53 33
2010 355 21 37 20
2010 356 08 21 05
2010 356 19 04 50
2010 357 05 48 33
2010 357 16 32 15
2010 358 03 15 56
2010 358 13 59 36
2010 359 00 43 15
2010 359 11 26 53
2010 359 22 10 30
2010 360 08 54 06
2010 360 19 37 42
2010 361 06 21 16
2010 361 17 04 48
2010 362 03 48 20
2010 362 14 31 50
2010 363 01 15 18
2010 363 11 58 46
2010 363 22 42 11
2010 364 09 25 35
2010 364 20 08 58
2010 365 06 52 19
2010 365 17 35 38
2011 001 04 18 56
2011 001 15 02 12
2011 002 01 45 26
2011 002 12 28 39
2011 002 23 11 51
2011 003 09 55 00
2011 003 20 38 09
2011 004 07 21 15
2011 004 18 04 20
2011 005 04 47 24
2011 005 15 30 25
2011 006 02 13 25
2011 006 12 56 24
2011 006 23 39 20
2011 007 10 22 15
2011 007 21 05 09
2011 008 07 48 00
2011 008 18 30 50
